500,'1',553,,1535,1,0,8 7 1 9,0,61,,6015,1,0,8 7 1 9,0,15,,4157,1,0,8 7 1 9,0,19,,5999,1,0,8 7 1 9,0,11,,4161,1,0,8 7 1 9,0,55,,5402,1,0,8 7 1 9,0,15,,5156,1,0,8 7 1 9,0,15,,6019,1,0,8 7 1 9,0,12,,6000,1,0,8 7 1 9,0,56,,6016,1,0,8 7 1 9,0,19,,5977,1,0,8 7 1 9,0,15,,6005,1,0,8 7 1 9,0,13,,4293,1,0,8 7 1 9,0,55,,4209,1,0,8 7 1 9,0,15,,6014,1,0,8 7 1 9,0,15,,6004,1,0,8 7 1 9,0,14,,5972,1,0,8 7 1 9,0,60,,5973,1,0,8 7 1 9,0,20,,5991,1,0,8 7 1 9,0,17,,4942,1,0,8 7 1 9,0,60,,4541,1,0,8 7 1 9,0,20,,5149,1,0,8 7 1 9,0,21,,4254,1,0,8 7 1 9,0,59,,6001,1,0,8 7 1 9,0,20,,5982,1,0,8 7 1 9,0,20,,5978,1,0,8 7 1 9,0,60,,4986,1,0,8 7 1 9,0,20,,6006,1,0,8 7 1 9,0,20,,6007,1,0,8 7 1 9,0,60,,5994,1,0,8 7 1 9,0,20,,5979,1,0,8 7 1 9,0,20,,5995,1,0,8 7 1 9,0,55,,3733,1,0,8 7 1 9,0,20,,6010,1,0,8 7 1 9,0,26,,5975,1,0,8 7 1 9,0,58,,2259,1,0,8 7 1 9,0,12,,4040,1,0,8 7 1 9,0,18,,5998,1,0,8 7 1 9,0,15,,5983,1,0,8 7 1 9,0,55,,1929,1,0,8 7 1 9,0,12,,3784,1,0,8 7 1 9,0,18,,5964,1,0,8 7 1 9,0,15,,5409,1,0,8 7 1 9,0,55,,5980,1,0,8 7 1 9,0,15,,1982,1,0,8 7 1 9,0,15,,5976,1,0,8 7 1 9,0,15,,3967,1,0,8 7 1 9,0,55,,2664,1,0,8 7 1 9,0,15,,5331,1,0,8 7 1 9,0,15,,5968,1,0,8 7 1 9,0,12,,5986,1,0,8 7 1 9,0,67,,6013,1,0,8 7 1 9,0,27,,2098,1,0,8 7 1 9,0,74,,5153,1,0,8 7 1 9,0,32,,4116,1,0,8 7 1 9,0,64,,4980,1,0,8 7 1 9,0,30,,343,1,0,10,0,70,,4666,1,0,8 11 12,0,27,,2521,1,0,8 11 12,0
500,'2',658,,6062,1,0,8 7 1 9,0,66,,6063,1,0,8 7 1 9,0,29,,6028,1,0,8 7 1 9,0,70,,6058,1,0,8 7 1 9,0,30,,6050,1,0,8 7 1 9,0,70,,6037,1,0,8 7 1 9,0,30,,6038,1,0,8 7 1 9,0,70,,6049,1,0,8 7 1 9,0,30,,4206,1,0,8 7 1 9,0,70,,6032,1,0,8 7 1 9,0,30,,6043,1,0,8 7 1 9,0,70,,6069,1,0,8 7 1 9,0,30,,6056,1,0,8 7 1 9,0,70,,6027,1,0,8 7 1 9,0,30,,6023,1,0,8 7 1 9,0,70,,6031,1,0,8 7 1 9,0,30,,6064,1,0,8 7 1 9,0,70,,4241,1,0,8 7 1 9,0,30,,5370,1,0,8 7 1 9,0,70,,6054,1,0,8 7 1 9,0,30,,4379,1,0,8 7 1 9,0,70,,6042,1,0,8 7 1 9,0,30,,6021,1,0,8 7 1 9,0,70,,6044,1,0,8 7 1 9,0,30,,3758,1,0,8 7 1 9,0,70,,6030,1,0,8 7 1 9,0,30,,4707,1,0,8 7 1 9,0,70,,6070,1,0,8 7 1 9,0,30,,6051,1,0,8 7 1 9,0,70,,6067,1,0,8 7 1 9,0,30,,6025,1,0,8 7 1 9,0,100,,6026,1,0,10,0,100,,6052,1,0,8 11 12,0
500,'3',758,,6092,1,0,8 7 1 9,0,66,,6088,1,0,8 7 1 9,0,29,,5128,1,0,8 7 1 9,0,70,,6079,1,0,8 7 1 9,0,30,,6111,1,0,8 7 1 9,0,70,,6103,1,0,8 7 1 9,0,30,,6091,1,0,8 7 1 9,0,70,,6105,1,0,8 7 1 9,0,30,,6102,1,0,8 7 1 9,0,70,,6096,1,0,8 7 1 9,0,30,,6080,1,0,8 7 1 9,0,70,,6104,1,0,8 7 1 9,0,30,,6090,1,0,8 7 1 9,0,70,,6098,1,0,8 7 1 9,0,30,,6082,1,0,8 7 1 9,0,70,,6077,1,0,8 7 1 9,0,30,,6085,1,0,8 7 1 9,0,70,,4957,1,0,8 7 1 9,0,30,,6087,1,0,8 7 1 9,0,70,,6094,1,0,8 7 1 9,0,30,,6076,1,0,8 7 1 9,0,70,,6097,1,0,8 7 1 9,0,30,,6112,1,0,8 7 1 9,0,70,,6113,1,0,8 7 1 9,0,30,,6074,1,0,10,0,70,,6084,1,0,8 11 12,0
501,'1',614,,4638,11,4,,0,15,,1905,17,4,,0,19,,6144,23,4,,0,11,,6122,11,4,,0,55,,84,11,4,,0,15,,6158,11,4,,0,15,,6129,11,4,,0,12,,5192,11,4,,0,56,,4918,11,4,,0,19,,6150,11,4,,0,15,,6143,11,4,,0,13,,6142,11,4,,0,55,,6165,11,4,,0,15,,6152,11,4,,0,15,,3254,11,4,,0,14,,2876,11,4,,0,60,,1668,11,4,,0,20,,6170,11,4,,0,17,,3455,11,4,,0,60,,6135,11,4,,0,20,,6133,11,4,,0,21,,4764,11,4,,0,59,,6149,11,4,,0,20,,6115,11,4,,0,20,,6118,11,4,,0,60,,2725,11,4,,0,20,,6120,11,4,,0,20,,6130,11,4,,0,60,,6119,11,4,,0,20,,4571,11,4,,0,20,,5271,11,4,,0,55,,2670,11,4,,0,20,,6123,11,4,,0,26,,6161,11,4,,0,58,,4680,11,4,,0,12,,6145,11,4,,0,18,,5266,11,4,,0,15,,6128,11,4,,0,55,,2593,11,4,,0,12,,1808,11,4,,0,18,,4407,11,4,,0,15,,6160,11,4,,0,55,,6117,11,4,,0,15,,2487,11,4,,0,15,,2347,11,4,,0,15,,6159,11,4,,0,55,,3569,11,4,,0,15,,3011,11,4,,0,15,,6139,11,4,,0,12,,4034,11,4,,0,67,,2374,11,4,,0,27,,1129,11,4,,0,74,,5279,11,4,,0,31,,2659,11,4,,0,65,,1217,11,4,,0,30,,3259,11,4,,0,70,,6151,11,4,,0,27,,4718,11,4,,0
501,'2',658,,6212,11,4,,0,66,,6190,11,4,,0,29,,6201,11,4,,0,70,,6183,11,4,,0,30,,6215,11,4,,0,70,,6203,11,4,,0,30,,5113,11,4,,0,70,,6178,11,4,,0,30,,4197,11,4,,0,70,,6197,11,4,,0,30,,6181,11,4,,0,70,,6218,11,4,,0,30,,6219,11,4,,0,70,,3055,11,4,,0,30,,6228,11,4,,0,70,,6214,11,4,,0,30,,6226,11,4,,0,70,,6204,11,4,,0,30,,6224,11,4,,0,70,,6220,11,4,,0,30,,6211,11,4,,0,70,,4148,11,4,,0,30,,6208,11,4,,0,70,,6176,11,4,,0,30,,6217,11,4,,0,70,,6198,11,4,,0,30,,6189,11,4,,0,70,,6185,11,4,,0,30,,6202,11,4,,0,70,,6188,11,4,,0,30,,6206,11,4,,0,100,,6191,11,4,,0,100,,6187,11,4,,0
501,'3',758,,4313,11,4,,0,66,,6250,11,4,,0,29,,6248,11,4,,0,70,,6268,11,4,,0,30,,4058,11,4,,0,70,,6237,11,4,,0,30,,6244,11,4,,0,70,,6271,11,4,,0,30,,6236,11,4,,0,70,,6252,11,4,,0,30,,275,11,4,,0,70,,6269,11,4,,0,30,,6246,11,4,,0,70,,6249,11,4,,0,30,,6260,11,4,,0,70,,6257,11,4,,0,30,,6232,11,4,,0,70,,6258,11,4,,0,30,,6256,11,4,,0,70,,6243,11,4,,0,30,,6274,11,4,,0,70,,6242,11,4,,0,30,,6255,11,4,,0,70,,6240,11,4,,0,30,,6263,11,4,,0,70,,6239,11,4,,0
601,'1',656,,4120,48,0,5 6 1 7,0,65,,5270,48,0,5 6 1 7,0,25,,6318,48,0,5 6 1 7,0,65,,6323,48,0,5 6 1 7,0,25,,1917,48,0,5 6 1 7,0,65,,6313,48,0,5 6 1 7,0,25,,4632,48,0,5 6 1 7,0,74,,1524,48,0,5 6 1 7,0,35,,4214,48,0,5 6 1 7,0,75,,4221,48,0,5 6 1 7,0,35,,6321,48,0,5 6 1 7,0,75,,6325,48,0,5 6 1 7,0,35,,6319,48,0,5 6 1 7,0,75,,5183,48,0,5 6 1 7,0,75,,5345,48,0,5 6 1 7,0,35,,6316,48,0,5 6 1 7,0,75,,6311,48,0,5 6 1 7,0,28,,4891,48,0,5 6 1 7,0,65,,6320,48,0,5 6 1 7,0,25,,6315,48,0,5 6 1 7,0,25,,6312,48,0,5 6 1 7,0,65,,6324,48,0,5 6 1 7,0,25,,337,48,0,5 6 1 7,0,65,,2713,48,0,5 6 1 7,0,25,,6326,48,0,5 6 1 7,0,65,,6322,48,0,5 6 1 7,0,25,,6314,48,0,5 6 1 7,0,22,,1841,48,0,5 6 1 7,0,65,,933,48,0,5 6 1 7,0,25,,6317,48,0,5 6 1 7,0
601,'2',750,,6329,48,0,5 6 1 7,0,100,,6331,48,0,5 6 1 7,0,100,,2820,48,0,5 6 1 7,0,100,,6327,48,0,5 6 1 7,0,100,,6328,48,0,5 6 1 7,0,100,,4193,48,0,5 6 1 7,0,100,,4084,48,0,5 6 1 7,0,100,,6332,48,0,5 6 1 7,0,100,,4186,48,0,5 6 1 7,0,100,,6333,48,0,5 6 1 7,0,100,,6334,48,0,5 6 1 7,0,100,,6330,48,0,5 6 1 7,0,100,,3514,48,0,5 6 1 7,0
601,'3',850,,4311,48,0,5 6 1 7,0,100,,6343,48,0,5 6 1 7,0,100,,6336,48,0,5 6 1 7,0,100,,6335,48,0,5 6 1 7,0,100,,6341,48,0,5 6 1 7,0,100,,6342,48,0,5 6 1 7,0,100,,6338,48,0,5 6 1 7,0,100,,6339,48,0,5 6 1 7,0,100,,6340,48,0,5 6 1 7,0,100,,6337,48,0,5 6 1 7,0,100,,4872,48,0,5 6 1 7,0,100,,5358,48,0,5 6 1 7,0
1200,'1',654,,6379,38,4,,0,70,,6384,38,4,,0,30,,6378,38,4,,0,70,,6377,38,4,,0,30,,2171,38,4,,0,70,,6383,38,4,,0,630,,6381,38,4,,0,70,,6382,38,4,,0,30,,4864,38,4,,0,70,,6380,38,4,,0,30,,4160,38,4,,0,70,,3463,38,4,,0,30,,2515,38,4,,0,70,,4169,38,4,,0
1201,'1',655,,6389,1,,,0,70,,6387,1,,,0,30,,6390,1,,,0,70,,3620,1,,,0,30,,4417,1,,,0,70,,6392,1,,,0,630,,6385,1,,,0,70,,2268,1,,,0,30,,6393,1,,,0,70,,5186,1,,,0,30,,6386,1,,,0,70,,2802,1,,,0,30,,975,1,,,0,70,,6388,1,,,0
12000,'1',700,,7074,1,,,0,30,,59,1,,,0,70,,7072,1,,,0,30,,7070,1,,,0,70,,3850,1,,,0,30,,1928,1,,,0,100,,7071,1,,,0,500,,7069,1,,,0,70,,7075,1,,,0,25,,132,1,,,0,30,,7073,1,,,0,75,,1340,1,,,0,25,,7068,1,,,0,75,,4664,1,,,0
12001,'1',700,,7081,26,4,,0,30,,4607,26,4,,0,70,,7077,26,4,,0,30,,5278,26,4,,0,70,,4893,26,4,,0,30,,7078,26,4,,0,100,,7076,26,4,,0,500,,7079,26,4,,0,70,,5337,26,4,,0,25,,7080,26,4,,0,26,,4562,26,4,,0,79,,193,26,4,,0,25,,3459,26,4,,0,75,,7082,26,4,,0
