300,'1',604,,2609,17,,,0,37,,5392,17,,,0,60,,5774,17,,,0,26,,5780,17,,,0,22,,3209,17,,,0,66,,5793,17,,,0,23,,5787,17,,,0,65,,3354,17,,,0,23,,5776,17,,,0,20,,5399,17,,,0,65,,5778,17,,,0,23,,228,17,,,0,20,,5781,17,,,0,65,,5022,17,,,0,23,,5791,17,,,0,60,,5792,17,,,0,25,,5010,17,,,0,23,,5779,17,,,0,60,,5795,17,,,0,25,,2871,17,,,0,23,,5777,17,,,0,60,,4038,17,,,0,25,,5797,17,,,0,63,,5782,17,,,0,20,,5794,17,,,0,26,,5775,17,,,0,63,,5785,17,,,0,25,,5788,17,,,0,68,,5783,17,,,0,22,,1162,17,,,0,18,,5784,17,,,0,70,,4674,17,,,0,27,,1512,17,,,0,62,,5796,17,,,0,28,,5789,17,,,0,16,,5014,17,,,0,63,,4952,17,,,0,29,,4560,17,,,0,103,,5790,17,,,0,108,,5786,17,,,0
300,'2',713,,5810,17,,,0,30,,5801,17,,,0,70,,5819,17,,,0,30,,5812,17,,,0,70,,5818,17,,,0,30,,2895,17,,,0,70,,5820,17,,,0,30,,4845,17,,,0,70,,3868,17,,,0,30,,5806,17,,,0,70,,5800,17,,,0,30,,5809,17,,,0,70,,5817,17,,,0,30,,5804,17,,,0,70,,5798,17,,,0,30,,5807,17,,,0,70,,5816,17,,,0,30,,5799,17,,,0,70,,5808,17,,,0,30,,4503,17,,,0,70,,5802,17,,,0,30,,5805,17,,,0,70,,5803,17,,,0,30,,5813,17,,,0,70,,4342,17,,,0,30,,5815,17,,,0,70,,4135,17,,,0,100,,4240,17,,,0,100,,5811,17,,,0,109,,5814,17,,,0
300,'3',813,,5825,17,,,0,100,,5822,17,,,0,100,,5829,17,,,0,100,,5824,17,,,0,100,,5823,17,,,0,100,,5828,17,,,0,100,,5831,17,,,0,100,,5821,17,,,0,100,,5826,17,,,0,100,,3971,17,,,0,100,,5830,17,,,0,100,,5827,17,,,0
1001,'1',1432,,6355,19,,,0,70,,4725,19,,,0,30,,6362,19,,,0,70,,6360,19,,,0,30,,6359,19,,,0,70,,2854,19,,,0,30,,6358,19,,,0
1801,'1',628,,3196,29,,,0,30,,6715,29,,,0,70,,6722,29,,,0,30,,5194,29,,,0,70,,5188,29,,,0,30,,6720,29,,,0,70,,6718,29,,,0,30,,917,29,,,0,70,,6719,29,,,0,30,,4292,29,,,0,70,,1667,29,,,0,30,,6721,29,,,0,70,,3199,29,,,0,30,,6716,29,,,0,70,,1124,29,,,0,30,,235,29,,,0,70,,6723,29,,,0,30,,5190,29,,,0,70,,6724,29,,,0,30,,3911,29,,,0,76,,1912,29,,,0,70,,4685,29,,,0,30,,328,29,,,0,70,,6714,29,,,0,30,,1326,29,,,0,24,,6713,29,,,0,70,,2809,29,,,0,100,,4760,29,,,0,100,,6717,29,,,0
1801,'2',728,,6734,29,,,0,100,,6729,29,,,0,100,,6727,29,,,0,100,,1707,29,,,0,100,,6733,29,,,0,100,,6726,29,,,0,100,,4792,29,,,0,100,,6731,29,,,0,100,,6732,29,,,0,100,,6725,29,,,0,100,,1093,29,,,0,100,,6730,29,,,0,100,,6728,29,,,0
1801,'3',828,,6742,29,,,0,100,,6743,29,,,0,100,,6738,29,,,0,100,,6735,29,,,0,100,,6740,29,,,0,100,,6744,29,,,0,100,,6737,29,,,0,100,,6741,29,,,0,100,,5028,29,,,0,100,,6739,29,,,0,100,,2757,29,,,0,100,,6736,29,,,0
2801,'1',637,,5263,38,,,0,70,,4723,38,,,0,30,,4973,38,,,0,70,,6943,38,,,0,30,,4385,38,,,0,70,,2658,38,,,0,30,,6944,38,,,0,70,,6935,38,,,0,30,,2839,38,,,0,70,,5275,38,,,0,30,,6934,38,,,0,70,,6941,38,,,0,30,,6936,38,,,0,70,,6932,38,,,0,30,,6939,38,,,0,70,,6938,38,,,0,30,,6933,38,,,0,70,,196,38,,,0,30,,6930,38,,,0,70,,4386,38,,,0,36,,4223,38,,,0,70,,5095,38,,,0,30,,6942,38,,,0,70,,6937,38,,,0,30,,6929,38,,,0,64,,2774,38,,,0,30,,6940,38,,,0,70,,6931,38,,,0,100,,2580,38,,,0,100,,1511,38,,,0
2801,'2',707,,6947,38,,,0,100,,4190,38,,,0,100,,6945,38,,,0,100,,6950,38,,,0,100,,4905,38,,,0,100,,6954,38,,,0,100,,6956,38,,,0,100,,6951,38,,,0,100,,6953,38,,,0,100,,6949,38,,,0,100,,6955,38,,,0,100,,6952,38,,,0,100,,6946,38,,,0,100,,6948,38,,,0
2801,'3',807,,6967,30,,,0,100,,6963,38,,,0,100,,4299,38,,,0,100,,6957,38,,,0,100,,6959,38,,,0,100,,6960,38,,,0,100,,6964,38,,,0,100,,6961,38,,,0,100,,6958,38,,,0,100,,6965,38,,,0,100,,5356,38,,,0,100,,6962,38,,,0,100,,6966,38,,,0
