300,'1',606,,2609,19,,,0,37,,5392,19,,,0,60,,5774,19,,,0,26,,5780,19,,,0,22,,3209,19,,,0,66,,5793,19,,,0,23,,5787,19,,,0,65,,3354,19,,,0,23,,5776,19,,,0,20,,5399,19,,,0,65,,5778,19,,,0,23,,228,19,,,0,20,,5781,19,,,0,65,,5022,19,,,0,23,,5791,19,,,0,60,,5792,19,,,0,25,,5010,19,,,0,23,,5779,19,,,0,60,,5795,19,,,0,25,,2871,19,,,0,63,,5777,19,,,0,20,,4038,19,,,0,25,,5797,19,,,0,63,,5782,19,,,0,20,,5794,19,,,0,26,,5775,19,,,0,63,,5785,19,,,0,25,,5788,19,,,0,70,,5783,19,,,0,22,,1162,19,,,0,16,,5784,19,,,0,70,,4674,19,,,0,27,,1512,19,,,0,64,,5796,19,,,0,29,,5789,19,,,0,13,,5014,19,,,0,63,,4952,19,,,0,29,,4560,19,,,0,103,,5790,19,,,0,108,,5786,19,,,0
300,'2',715,,5810,19,,,0,30,,5801,19,,,0,70,,5819,19,,,0,30,,5812,19,,,0,70,,5818,19,,,0,30,,2895,19,,,0,70,,5820,19,,,0,30,,4845,19,,,0,70,,3868,19,,,0,30,,5806,19,,,0,70,,5800,19,,,0,30,,5809,19,,,0,70,,5817,19,,,0,30,,5804,19,,,0,70,,5798,19,,,0,30,,5807,19,,,0,70,,5816,19,,,0,30,,5799,19,,,0,70,,5808,19,,,0,30,,4503,19,,,0,70,,5802,19,,,0,30,,5805,19,,,0,70,,5803,19,,,0,30,,5813,19,,,0,70,,4342,19,,,0,30,,5815,19,,,0,70,,4135,19,,,0,100,,4240,19,,,0,100,,5811,19,,,0,109,,5814,19,,,0
300,'3',815,,5825,19,,,0,100,,5822,19,,,0,100,,5829,19,,,0,100,,5824,19,,,0,100,,5823,19,,,0,100,,5828,19,,,0,100,,5831,19,,,0,100,,5821,19,,,0,100,,5826,19,,,0,100,,3971,19,,,0,100,,5830,19,,,0,100,,5827,19,,,0
301,'1',607,,2835,8,,,0,20,,5180,8,,,0,24,,5845,8,,,0,64,,5839,8,,,0,26,,3621,8,,,0,63,,4641,8,,,0,22,,1665,8,,,0,26,,5836,8,,,0,63,,5841,8,,,0,25,,5842,8,,,0,63,,4433,8,,,0,20,,2502,8,,,0,25,,1260,8,,,0,63,,5339,8,,,0,20,,704,8,,,0,25,,5837,8,,,0,63,,1799,8,,,0,20,,5844,8,,,0,65,,5840,8,,,0,23,,4679,8,,,0,20,,4953,8,,,0,65,,676,8,,,0,23,,5834,8,,,0,20,,3193,8,,,0,65,,2724,8,,,0,23,,5843,8,,,0,65,,5832,8,,,0,25,,5849,8,,,0,23,,4393,8,,,0,60,,4398,8,,,0,30,,1177,8,,,0,67,,252,8,,,0,20,,5847,8,,,0,26,,5838,8,,,0,63,,5848,8,,,0,23,,4752,8,,,0,69,,5835,8,,,0,103,,5846,8,,,0,108,,5833,8,,,0,108,,4854,8,,,0
301,'2',715,,5861,8,,,0,30,,5864,8,,,0,70,,5851,8,,,0,30,,5869,8,,,0,70,,5862,8,,,0,30,,5856,8,,,0,70,,5872,8,,,0,30,,5850,8,,,0,70,,5867,8,,,0,30,,2819,8,,,0,70,,5858,8,,,0,30,,5865,8,,,0,70,,3311,8,,,0,30,,5866,8,,,0,70,,5860,8,,,0,30,,5855,8,,,0,70,,5168,8,,,0,30,,5863,8,,,0,70,,5854,8,,,0,30,,4742,8,,,0,70,,5871,8,,,0,30,,4526,8,,,0,70,,5870,8,,,0,30,,5853,8,,,0,70,,2555,8,,,0,30,,5859,8,,,0,100,,5857,8,,,0,100,,5852,8,,,0,100,,3929,8,,,0,102,,5868,8,,,0
301,'3',845,,5879,8,,,0,100,,4735,8,,,0,100,,5880,8,,,0,100,,5876,8,,,0,100,,5874,8,,,0,100,,5882,8,,,0,100,,5103,8,,,0,100,,5877,8,,,0,100,,5881,8,,,0,100,,5873,8,,,0,100,,5878,8,,,0,100,,5875,8,,,0
400,'1',701,,3499,43,4,,0,34,,4941,43,4,,0,67,,5343,43,4,,0,19,,3204,43,4,,0,31,,4418,43,4,,0,60,,5884,43,4,,0,24,,5897,43,4,,0,66,,1616,43,4,,0,25,,4569,43,4,,0,84,,5886,43,4,,0,27,,5892,43,4,,0,65,,81,43,4,,0,41,,5890,43,4,,0,70,,1865,43,4,,0,25,,430,43,4,,0,81,,3650,43,4,,0,30,,3249,43,4,,0,65,,5410,43,4,,0,89,,5887,43,4,,0,35,,5888,43,4,,0,63,,5896,43,4,,0,33,,5889,43,4,,0,20,,3823,43,4,,0,75,,312,43,4,,0,21,,5885,43,4,,0,77,,5883,43,4,,0,19,,5894,43,4,,0,62,,5893,43,4,,0,24,,5895,43,4,,0,68,,3174,43,4,,0,103,,1522,43,4,,0,41,,5116,43,4,,0,99,,5891,43,4,,0,75,,4916,43,4,,0
400,'2',755,,5900,43,4,,0,100,,5319,43,4,,0,100,,5909,43,4,,0,100,,5906,43,4,,0,100,,5905,43,4,,0,100,,5903,43,4,,0,100,,5904,43,4,,0,100,,4936,43,4,,0,100,,5910,43,4,,0,100,,5902,43,4,,0,100,,5907,43,4,,0,100,,5908,43,4,,0,100,,4749,43,4,,0,100,,5901,43,4,,0,100,,5899,43,4,,0,100,,5213,43,4,,0
400,'3',855,,3767,43,4,,0,100,,4618,43,4,,0,100,,5918,43,4,,0,100,,5915,43,4,,0,100,,5914,43,4,,0,100,,5916,43,4,,0,100,,5911,43,4,,0,100,,5919,43,4,,0,100,,5912,43,4,,0,100,,5913,43,4,,0,100,,5917,43,4,,0,100,,2570,43,4,,0
401,'1',606,,2119,1,0,52 19 20,0,25,,4710,1,0,52 19 20,0,22,,5921,1,0,52 19 20,0,66,,5933,1,0,52 19 20,0,20,,5937,1,0,52 19 20,0,67,,5931,1,0,52 19 20,0,25,,5925,1,0,52 19 20,0,25,,4023,1,0,52 19 20,0,84,,4162,1,0,52 19 20,0,67,,5938,1,0,52 19 20,0,25,,4751,1,0,52 19 20,0,81,,5936,1,0,52 19 20,0,30,,931,1,0,52 19 20,0,65,,5930,1,0,52 19 20,0,41,,5935,1,0,52 19 20,0,70,,5932,1,0,52 19 20,0,25,,5924,1,0,52 19 20,0,81,,1846,1,0,52 19 20,0,30,,5929,1,0,52 19 20,0,63,,5934,1,0,52 19 20,0,33,,247,1,0,52 19 20,0,58,,419,1,0,52 19 20,0,34,,3738,1,0,52 19 20,0,64,,2577,1,0,52 19 20,0,36,,5920,1,0,52 19 20,0,60,,5926,1,0,52 19 20,0,30,,5922,1,0,52 19 20,0,24,,5923,1,0,52 19 20,0,73,,5927,1,0,52 19 20,0,103,,4756,1,0,52 19 20,0,77,,4597,1,0,52 19 20,0,103,,693,1,0,52 19 20,0,35,,5928,1,0,52 19 20,0,75,,3252,1,0,52 19 20,0
401,'2',735,,5943,1,0,52 19 20,0,100,,5948,1,0,52 19 20,0,100,,5946,1,0,52 19 20,0,100,,5939,1,0,52 19 20,0,100,,5942,1,0,52 19 20,0,100,,5947,1,0,52 19 20,0,100,,4202,1,0,52 19 20,0,100,,5950,1,0,52 19 20,0,100,,5940,1,0,52 19 20,0,100,,5944,1,0,52 19 20,0,100,,5951,1,0,52 19 20,0,100,,4970,1,0,52 19 20,0,100,,5949,1,0,52 19 20,0,100,,5941,1,0,52 19 20,0,100,,5945,1,0,52 19 20,0,100,,4244,1,0,52 19 20,0
401,'3',835,,5127,1,0,52 19 20,0,100,,4302,1,0,52 19 20,0,100,,5959,1,0,52 19 20,0,100,,5955,1,0,52 19 20,0,100,,5960,1,0,52 19 20,0,100,,5961,1,0,52 19 20,0,100,,5954,1,0,52 19 20,0,100,,5952,1,0,52 19 20,0,100,,5957,1,0,52 19 20,0,100,,5956,1,0,52 19 20,0,100,,5953,1,0,52 19 20,0,100,,5958,1,0,21 20,0
600,'1',744,,6279,52,4,,0,65,,5007,52,4,,0,25,,6280,52,4,,0,25,,6288,52,4,,0,65,,6277,52,4,,0,25,,2989,52,4,,0,65,,6284,52,4,,0,34,,6282,52,4,,0,75,,6291,52,4,,0,35,,1924,52,4,,0,75,,4654,52,4,,0,75,,6276,52,4,,0,35,,6289,52,4,,0,75,,6287,52,4,,0,35,,6278,52,4,,0,75,,6283,52,4,,0,79,,6281,52,4,,0,28,,3810,52,4,,0,65,,6290,52,4,,0,25,,3104,52,4,,0,25,,545,52,4,,0,65,,5123,52,4,,0,25,,5390,52,4,,0,65,,6286,52,4,,0,25,,6275,52,4,,0,21,,4657,52,4,,0,65,,467,52,4,,0,22,,6285,52,4,,0,65,,4892,52,4,,0,25,,4866,52,4,,0
600,'2',733,,4477,52,4,,0,105,,6301,52,4,,0,100,,6292,52,4,,0,100,,6295,52,4,,0,100,,4354,52,4,,0,100,,6297,52,4,,0,100,,6299,52,4,,0,100,,6298,52,4,,0,100,,6293,52,4,,0,100,,6296,52,4,,0,100,,6300,52,4,,0,100,,4481,52,4,,0,100,,6294,52,4,,0
600,'3',835,,4315,52,4,,0,103,,4230,52,4,,0,100,,6305,52,4,,0,100,,6308,52,4,,0,100,,6304,52,4,,0,100,,6306,52,4,,0,100,,6310,52,4,,0,100,,6307,52,4,,0,100,,6303,52,4,,0,100,,4766,52,4,,0,100,,6302,52,4,,0,100,,6309,52,4,,0
601,'1',610,,4120,1,0,5 6 1 7,0,25,,5270,1,0,5 6 1 7,0,65,,6318,1,0,5 6 1 7,0,25,,6323,1,0,5 6 1 7,0,25,,1917,1,0,5 6 1 7,0,65,,6313,1,0,5 6 1 7,0,25,,4632,1,0,5 6 1 7,0,75,,1524,1,0,5 6 1 7,0,35,,4214,1,0,5 6 1 7,0,75,,4221,1,0,5 6 1 7,0,75,,6321,1,0,5 6 1 7,0,35,,6325,1,0,5 6 1 7,0,75,,6319,1,0,5 6 1 7,0,35,,5183,1,0,5 6 1 7,0,75,,5345,1,0,5 6 1 7,0,35,,6316,1,0,5 6 1 7,0,75,,6311,1,0,5 6 1 7,0,25,,4891,1,0,5 6 1 7,0,65,,6320,1,0,5 6 1 7,0,25,,6315,1,0,5 6 1 7,0,65,,6312,1,0,5 6 1 7,0,25,,6324,1,0,5 6 1 7,0,65,,337,1,0,5 6 1 7,0,25,,2713,1,0,5 6 1 7,0,25,,6326,1,0,5 6 1 7,0,65,,6322,1,0,5 6 1 7,0,25,,6314,1,0,5 6 1 7,0,65,,1841,1,0,5 6 1 7,0,25,,933,1,0,5 6 1 7,0,25,,6317,1,0,5 6 1 7,0
601,'2',709,,6329,1,0,5 6 1 7,0,100,,6331,1,0,5 6 1 7,0,100,,2820,1,0,5 6 1 7,0,100,,6327,1,0,5 6 1 7,0,100,,6328,1,0,5 6 1 7,0,100,,4193,1,0,5 6 1 7,0,100,,4084,1,0,5 6 1 7,0,100,,6332,1,0,5 6 1 7,0,100,,4186,1,0,5 6 1 7,0,100,,6333,1,0,5 6 1 7,0,100,,6334,1,0,5 6 1 7,0,100,,6330,1,0,5 6 1 7,0,100,,3514,1,0,5 6 1 7,0
601,'3',809,,4311,1,0,5 6 1 7,0,100,,6343,1,0,5 6 1 7,0,100,,6336,1,0,5 6 1 7,0,100,,6335,1,0,5 6 1 7,0,100,,6341,1,0,5 6 1 7,0,100,,6342,1,0,5 6 1 7,0,100,,6338,1,0,5 6 1 7,0,100,,6339,1,0,5 6 1 7,0,100,,6340,1,0,5 6 1 7,0,100,,6337,1,0,5 6 1 7,0,100,,4872,1,0,5 6 1 7,0,100,,5358,1,0,5 6 1 7,0
1000,'1',716,,702,1,,,0,30,,6351,1,,,0,70,,6352,1,,,0,30,,1926,1,,,0,70,,6344,1,,,0,30,,116,1,,,0,70,,6350,1,,,0,424,,6349,1,,,0,70,,1283,1,,,0,30,,3744,1,,,0,70,,6346,1,,,0,30,,6345,1,,,0,70,,6347,1,,,0,30,,6348,1,,,0
1001,'1',705,,2575,32,4,,0,30,,6356,32,4,,0,70,,6353,32,4,,0,30,,6354,32,4,,0,70,,6361,32,4,,0,30,,6357,32,4,,0,70,,4118,32,4,,0,430,,6355,21,4,,0,70,,4725,21,4,,0,30,,6362,21,4,,0,70,,6360,21,4,,0,30,,6359,21,4,,0,70,,2854,21,4,,0,30,,6358,21,4,,0
1300,'1',620,,6400,1,,,0,23,,4719,1,,,0,79,,5125,1,,,0,30,,6404,1,,,0,65,,6413,1,,,0,30,,6397,1,,,0,69,,6410,1,,,0,30,,4425,1,,,0,70,,6405,1,,,0,25,,4092,1,,,0,65,,6407,1,,,0,25,,739,1,,,0,25,,2576,1,,,0,65,,6398,1,,,0,25,,3900,1,,,0,65,,6402,1,,,0,25,,6396,1,,,0,65,,2604,1,,,0,25,,6406,1,,,0,31,,5255,1,,,0,65,,4432,1,,,0,30,,1271,1,,,0,70,,5198,1,,,0,15,,1734,1,,,0,65,,4020,1,,,0,30,,2880,1,,,0,70,,6412,1,,,0,28,,3527,1,,,0,72,,722,1,,,0,23,,6395,1,,,0,26,,4087,1,,,0,66,,4978,1,,,0,26,,6403,1,,,0,66,,3667,1,,,0,26,,6411,1,,,0,66,,6408,1,,,0,26,,5254,1,,,0,26,,4022,1,,,0,66,,6399,1,,,0,26,,6401,1,,,0
1300,'2',735,,6415,1,,,0,100,,6417,1,,,0,100,,6416,1,,,0,100,,6419,1,,,0,100,,5074,1,,,0,100,,6424,1,,,0,100,,6426,1,,,0,100,,6421,1,,,0,100,,5172,1,,,0,100,,4788,1,,,0,100,,6420,1,,,0,100,,6425,1,,,0,100,,6423,1,,,0,100,,6414,1,,,0,100,,6418,1,,,0
1300,'3',835,,6435,1,,,0,100,,4228,1,,,0,100,,6431,1,,,0,100,,6429,1,,,0,100,,1812,1,,,0,100,,6437,1,,,0,100,,6427,1,,,0,100,,6432,1,,,0,100,,6428,1,,,0,100,,6433,1,,,0,100,,6430,1,,,0,100,,6436,1,,,0
1301,'1',642,,6449,43,4,,0,75,,6439,43,4,,0,30,,6442,43,4,,0,65,,4289,43,4,,0,30,,2462,43,4,,0,69,,6453,43,4,,0,30,,4649,43,4,,0,70,,6438,43,4,,0,25,,6451,43,4,,0,65,,4653,43,4,,0,25,,4979,43,4,,0,25,,6440,43,4,,0,65,,6457,43,4,,0,25,,6441,43,4,,0,65,,6460,43,4,,0,25,,6455,43,4,,0,25,,6456,43,4,,0,65,,321,43,4,,0,31,,2027,43,4,,0,65,,4544,43,4,,0,30,,6450,43,4,,0,70,,6443,43,4,,0,15,,5024,43,4,,0,25,,4561,43,4,,0,70,,6447,43,4,,0,30,,6454,43,4,,0,70,,6444,43,4,,0,30,,6452,43,4,,0,64,,6446,43,4,,0,26,,6459,43,4,,0,66,,5273,43,4,,0,26,,5389,43,4,,0,66,,6458,43,4,,0,26,,4031,43,4,,0,26,,4652,43,4,,0,66,,6461,43,4,,0,26,,6448,43,4,,0,66,,202,43,4,,0,26,,6445,43,4,,0
1301,'2',715,,4067,40,4,,0,100,,4142,43,4,,0,100,,6470,43,4,,0,100,,6475,43,4,,0,100,,6471,43,4,,0,100,,6469,43,4,,0,100,,6462,43,4,,0,100,,6466,43,4,,0,100,,6467,43,4,,0,100,,6464,43,4,,0,100,,6463,43,4,,0,100,,6472,43,4,,0,100,,6465,43,4,,0,100,,6474,43,4,,0,100,,6473,43,4,,0,100,,6468,43,4,,0
1301,'3',815,,6485,40,4,,0,100,,6478,43,4,,0,100,,6481,43,4,,0,100,,6479,43,4,,0,100,,6480,43,4,,0,100,,6477,43,4,,0,100,,6483,43,4,,0,100,,4468,43,4,,0,100,,5029,43,4,,0,100,,6476,43,4,,0,100,,6484,43,4,,0,100,,6482,43,4,,0
1800,'1',615,,6681,1,,,0,30,,2584,1,,,0,70,,2578,1,,,0,30,,2855,1,,,0,70,,6689,1,,,0,30,,6686,1,,,0,70,,126,1,,,0,30,,104,1,,,0,70,,6682,1,,,0,30,,3181,1,,,0,70,,6679,1,,,0,30,,6687,1,,,0,70,,2032,1,,,0,30,,6683,1,,,0,70,,6684,1,,,0,30,,4557,1,,,0,70,,3779,1,,,0,30,,6685,1,,,0,70,,5051,1,,,0,30,,1523,1,,,0,70,,4982,1,,,0,30,,6680,1,,,0,70,,6690,1,,,0,30,,2589,1,,,0,70,,3841,1,,,0,30,,4093,1,,,0,70,,3431,1,,,0,30,,4102,1,,,0,70,,5060,1,,,0,100,,6688,1,,,0
1800,'2',715,,6700,1,,,0,100,,5040,1,,,0,100,,6699,1,,,0,100,,6697,1,,,0,100,,4191,1,,,0,100,,6694,1,,,0,100,,6698,1,,,0,100,,6691,1,,,0,100,,6696,1,,,0,100,,6693,1,,,0,100,,6692,1,,,0,100,,6695,1,,,0,100,,4967,1,,,0
1800,'3',815,,6712,1,,,0,100,,6709,1,,,0,100,,6708,1,,,0,100,,6707,1,,,0,100,,6704,1,,,0,100,,6701,1,,,0,100,,6711,1,,,0,100,,6702,1,,,0,100,,6705,1,,,0,100,,6710,1,,,0,100,,6703,1,,,0,100,,6706,1,,,0
1801,'1',630,,3196,31,4,,0,70,,6715,31,4,,0,30,,6722,31,4,,0,70,,5194,31,4,,0,30,,5188,31,4,,0,70,,6720,31,4,,0,30,,6718,31,4,,0,70,,917,31,4,,0,30,,6719,31,4,,0,70,,4292,31,4,,0,30,,1667,31,4,,0,70,,6721,31,4,,0,30,,3199,31,4,,0,70,,6716,31,4,,0,30,,1124,31,4,,0,70,,235,31,4,,0,30,,6723,31,4,,0,70,,5190,31,4,,0,30,,6724,31,4,,0,70,,3911,31,4,,0,36,,1912,31,4,,0,70,,4685,31,4,,0,30,,328,31,4,,0,70,,6714,31,4,,0,30,,1326,31,4,,0,64,,6713,31,4,,0,30,,2809,31,4,,0,100,,4760,31,4,,0,100,,6717,31,4,,0
1801,'2',730,,6734,31,4,,0,100,,6729,31,4,,0,100,,6727,31,4,,0,100,,1707,31,4,,0,100,,6733,31,4,,0,100,,6726,31,4,,0,100,,4792,31,4,,0,100,,6731,31,4,,0,100,,6732,31,4,,0,100,,6725,31,4,,0,100,,1093,31,4,,0,100,,6730,31,4,,0,100,,6728,31,4,,0
1801,'3',830,,6742,31,4,,0,100,,6743,31,4,,0,100,,6738,31,4,,0,100,,6735,31,4,,0,100,,6740,31,4,,0,100,,6744,31,4,,0,100,,6737,31,4,,0,100,,6741,31,4,,0,100,,5028,31,4,,0,100,,6739,31,4,,0,100,,2757,31,4,,0,100,,6736,31,4,,0
2800,'1',607,,1323,1,,,0,30,,1694,1,,,0,70,,2503,1,,,0,30,,2775,1,,,0,70,,6895,1,,,0,30,,2377,1,,,0,70,,3257,1,,,0,30,,6908,1,,,0,70,,6900,1,,,0,30,,4216,1,,,0,70,,2517,1,,,0,30,,6907,1,,,0,70,,1800,1,,,0,30,,3908,1,,,0,70,,6897,1,,,0,30,,5227,1,,,0,70,,6901,1,,,0,30,,6896,1,,,0,70,,3742,1,,,0,30,,6904,1,,,0,70,,3105,1,,,0,30,,6906,1,,,0,70,,6902,1,,,0,33,,6898,1,,,0,67,,4665,1,,,0,30,,6905,1,,,0,70,,6909,1,,,0,30,,2120,1,,,0,100,,6899,1,,,0,172,,6903,1,,,0
2800,'2',737,,6915,1,,,0,100,,6910,1,,,0,100,,6911,1,,,0,100,,4360,1,,,0,100,,6913,1,,,0,100,,4278,1,,,0,100,,6916,1,,,0,100,,3308,1,,,0,100,,6918,1,,,0,100,,6914,1,,,0,100,,4591,1,,,0,100,,4968,1,,,0,100,,6912,1,,,0
2800,'3',837,,6920,1,,,0,100,,5283,1,,,0,100,,6921,1,,,0,100,,2954,1,,,0,100,,6922,1,,,0,100,,6924,1,,,0,100,,6927,1,,,0,100,,6926,1,,,0,100,,6925,1,,,0,100,,6923,1,,,0,100,,6919,1,,,0,100,,6928,1,,,0
2801,'1',639,,5263,40,4,,0,70,,4723,40,4,,0,30,,4973,40,4,,0,70,,6943,40,4,,0,30,,4385,40,4,,0,70,,2658,40,4,,0,30,,6944,40,4,,0,70,,6935,40,4,,0,30,,2839,40,4,,0,70,,5275,40,4,,0,30,,6934,40,4,,0,70,,6941,40,4,,0,30,,6936,40,4,,0,70,,6932,40,4,,0,30,,6939,40,4,,0,70,,6938,40,4,,0,30,,6933,40,4,,0,70,,196,40,4,,0,30,,6930,40,4,,0,70,,4386,40,4,,0,36,,4223,40,4,,0,70,,5095,40,4,,0,30,,6942,40,4,,0,70,,6937,40,4,,0,30,,6929,40,4,,0,64,,2774,40,4,,0,30,,6940,40,4,,0,70,,6931,40,4,,0,100,,2580,40,4,,0,100,,1511,40,4,,0
2801,'2',709,,6947,40,4,,0,100,,4190,40,4,,0,100,,6945,40,4,,0,100,,6950,40,4,,0,100,,4905,40,4,,0,100,,6954,40,4,,0,100,,6956,40,4,,0,100,,6951,40,4,,0,100,,6953,40,4,,0,100,,6949,40,4,,0,100,,6955,40,4,,0,100,,6952,40,4,,0,100,,6946,40,4,,0,100,,6948,40,4,,0
2801,'3',809,,6967,32,4,,0,100,,6963,40,4,,0,100,,4299,40,4,,0,100,,6957,40,4,,0,100,,6959,40,4,,0,100,,6960,40,4,,0,100,,6964,40,4,,0,100,,6961,40,4,,0,100,,6958,40,4,,0,100,,6965,40,4,,0,100,,5356,40,4,,0,100,,6962,40,4,,0,100,,6966,40,4,,0
3400,'1',704,,936,1,,,0,31,,210,1,,,0,74,,6971,1,,,0,834,,6972,1,,,0,60,,6968,1,,,0,30,,4670,1,,,0,70,,6969,1,,,0,30,,4552,1,,,0,77,,6970,1,,,0,30,,241,1,,,0
3401,'1',745,,6974,23,4,,0,74,,2720,23,4,,0,30,,6973,23,4,,0,874,,6978,23,4,,0,20,,6976,23,4,,0,70,,4173,23,4,,0,30,,1671,23,4,,0,70,,6975,23,4,,0,37,,4601,23,4,,0,70,,6977,23,4,,0
