101,'1',603,,5653,13,,,0,10,,3302,13,,,0,10,,2999,13,,,0,10,,5600,13,,,0,10,,5639,13,,,0,10,,5677,13,,,0,50,,5633,13,,,0,10,,4564,13,,,0,10,,2263,13,,,0,10,,5603,13,,,0,10,,5622,13,,,0,10,,3191,13,,,0,50,,5637,13,,,0,10,,5642,13,,,0,10,,5641,13,,,0,10,,5640,13,,,0,10,,5676,13,,,0,10,,4810,13,,,0,50,,5613,13,,,0,10,,1915,13,,,0,10,,4802,13,,,0,10,,986,13,,,0,20,,5598,13,,,0,50,,1418,13,,,0,20,,2581,13,,,0,10,,4811,13,,,0,20,,2265,13,,,0,55,,5649,13,,,0,15,,5411,13,,,0,15,,5606,13,,,0,15,,5627,13,,,0,55,,5657,13,,,0,15,,5618,13,,,0,15,,2673,13,,,0,15,,5597,13,,,0,55,,5644,13,,,0,15,,5624,13,,,0,15,,713,13,,,0,15,,5610,13,,,0,50,,5623,13,,,0,20,,5628,13,,,0,10,,5672,13,,,0,20,,5671,13,,,0,50,,5607,13,,,0,20,,5669,13,,,0,10,,5675,13,,,0,10,,2987,13,,,0,10,,5017,13,,,0,50,,1059,13,,,0,10,,5648,13,,,0,10,,5643,13,,,0,10,,403,13,,,0,10,,5634,13,,,0,10,,5656,13,,,0,50,,2716,13,,,0,10,,5615,13,,,0,10,,5678,13,,,0,10,,4422,13,,,0,10,,5625,13,,,0,10,,5635,13,,,0,50,,4948,13,,,0,10,,3749,13,,,0,10,,4637,13,,,0,10,,2669,13,,,0,10,,3566,13,,,0,10,,2971,13,,,0,50,,5602,13,,,0,10,,3004,13,,,0,20,,5061,13,,,0,70,,5629,13,,,0,30,,4575,13,,,0,70,,2714,13,,,0,30,,5621,13,,,0,70,,981,13,,,0,30,,3212,13,,,0,70,,5614,13,,,0,30,,5638,13,,,0,25,,5664,26,0,54 56,0
101,'2',703,,5037,13,,,0,27,,4513,13,,,0,70,,5708,13,,,0,30,,5707,13,,,0,70,,5710,13,,,0,30,,5701,13,,,0,70,,4366,13,,,0,30,,5082,13,,,0,70,,5691,13,,,0,30,,5721,13,,,0,70,,5692,13,,,0,30,,4280,13,,,0,70,,5720,13,,,0,30,,5715,13,,,0,70,,5714,13,,,0,30,,5315,13,,,0,70,,5725,13,,,0,30,,5695,13,,,0,70,,5685,13,,,0,30,,4529,13,,,0,70,,5728,13,,,0,30,,5687,13,,,0,70,,4626,13,,,0,30,,5722,13,,,0,70,,5712,13,,,0,30,,5718,13,,,0,70,,5700,13,,,0,30,,5696,13,,,0,70,,5680,13,,,0,30,,5717,13,,,0,70,,5681,13,,,0,30,,5698,13,,,0,70,,5684,13,,,0,30,,5703,13,,,0,26,,5733,26,0,54 56,0
101,'3',803,,5736,13,,,0,27,,5743,13,,,0,70,,5753,13,,,0,30,,5755,13,,,0,70,,5740,13,,,0,30,,5738,13,,,0,70,,4991,13,,,0,30,,5761,13,,,0,70,,5768,13,,,0,30,,5756,13,,,0,70,,5739,13,,,0,30,,5766,13,,,0,70,,3691,13,,,0,30,,5741,13,,,0,70,,5751,13,,,0,30,,4267,13,,,0,70,,5745,13,,,0,30,,5070,13,,,0,70,,5737,13,,,0,30,,4770,13,,,0,70,,5771,13,,,0,30,,5734,13,,,0,70,,5752,13,,,0,30,,5746,13,,,0,70,,5754,13,,,0
1900,'1',640,,6751,43,,,0,72,,6745,43,,,0,28,,6746,43,,,0,70,,6752,43,,,0,31,,6758,43,,,0,69,,4105,43,,,0,27,,2170,43,,,0,69,,6761,43,,,0,24,,3186,43,,,0,27,,6764,43,,,0,69,,6759,43,,,0,24,,3966,43,,,0,67,,6753,43,,,0,29,,6747,43,,,0,64,,6763,43,,,0,27,,6756,43,,,0,69,,6755,43,,,0,20,,6749,43,,,0,31,,2514,43,,,0,51,,4249,37,,,0,21,,6748,43,,,0,30,,6762,43,,,0,67,,2870,43,,,0,30,,6754,43,,,0,70,,771,43,,,0,27,,4713,43,,,0,70,,6760,43,,,0,30,,108,43,,,0,67,,4158,43,,,0,27,,4889,43,,,0,67,,6757,43,,,0,27,,1860,43,,,0,70,,3696,43,,,0,90,,420,43,,,0,30,,5088,43,,,0,90,,6750,43,,,0,30,,1630,43,,,0
1900,'2',810,,5146,43,,,0,100,,6769,43,,,0,100,,6771,43,,,0,100,,6773,43,,,0,100,,6768,43,,,0,100,,6767,43,,,0,100,,5143,43,,,0,100,,6765,43,,,0,100,,5041,43,,,0,100,,6774,43,,,0,100,,5006,43,,,0,100,,6766,43,,,0,100,,6770,43,,,0,100,,6772,43,,,0
1900,'3',910,,6779,43,,,0,100,,6784,43,,,0,100,,6783,43,,,0,100,,6778,43,,,0,100,,6782,43,,,0,100,,6775,43,,,0,100,,6781,43,,,0,100,,6777,43,,,0,100,,6776,43,,,0,100,,6780,43,,,0,100,,6785,43,,,0,100,,6786,43,,,0
2000,'1',633,,4712,27,,,0,75,,5023,27,,,0,35,,6839,27,,,0,75,,224,27,,,0,35,,6830,27,,,0,75,,4951,27,,,0,73,,4008,27,,,0,30,,4426,27,,,0,70,,6834,27,,,0,30,,251,27,,,0,70,,6836,27,,,0,30,,6835,27,,,0,70,,6829,27,,,0,30,,6832,27,,,0,70,,2601,27,,,0,30,,6840,27,,,0,70,,6842,27,,,0,46,,6833,27,,,0,87,,4888,27,,,0,74,,2843,27,,,0,36,,6828,27,,,0,82,,1150,27,,,0,31,,6838,27,,,0,84,,2450,27,,,0,70,,6841,27,,,0,92,,6831,27,,,0,28,,542,27,,,0,70,,1069,27,,,0,100,,6837,27,,,0
2000,'2',801,,6843,27,,,0,100,,6845,27,,,0,100,,4998,27,,,0,100,,3858,27,,,0,100,,6844,27,,,0,100,,1041,27,,,0,100,,6848,27,,,0,100,,6847,27,,,0,100,,6850,27,,,0,100,,6849,27,,,0,100,,5368,27,,,0,100,,4938,27,,,0,100,,6846,27,,,0
2000,'3',901,,6851,27,,,0,100,,4324,27,,,0,100,,6852,27,,,0,100,,6858,27,,,0,100,,6853,27,,,0,100,,6854,27,,,0,100,,5204,27,,,0,100,,3067,27,,,0,100,,6856,27,,,0,100,,6855,27,,,0,100,,6857,27,,,0,100,,6859,27,,,0
7101,'1',1525,,7054,41,,,0
