100,'1',551,,5274,2,0,54 60,0,50,,5445,2,0,54 60,0,10,,4217,2,0,54 60,0,10,,5441,16,,,0,10,,5465,16,,,0,10,,2597,2,0,54 60,0,10,,5469,2,0,54 60,0,50,,5462,2,0,54 60,0,10,,4534,2,0,54 60,0,10,,5437,2,0,54 60,0,10,,5495,2,0,54 60,0,10,,5479,2,0,54 60,0,10,,5415,2,0,54 60,0,50,,5432,2,0,54 60,0,10,,5422,2,0,54 60,0,10,,2845,2,0,54 60,0,10,,1186,2,0,54 60,0,10,,5446,2,0,54 60,0,10,,5466,2,0,54 60,0,50,,4855,2,0,54 60,0,10,,5428,2,0,54 60,0,10,,4850,2,0,54 60,0,10,,5412,2,0,54 60,0,10,,5448,2,0,54 60,0,10,,5458,2,0,54 60,0,50,,5447,2,0,54 60,0,15,,5420,2,0,54 60,0,15,,5329,2,0,54 60,0,15,,5489,2,0,54 60,0,55,,4429,2,0,54 60,0,15,,5483,2,0,54 60,0,15,,5453,2,0,54 60,0,15,,5460,2,0,54 60,0,55,,5442,2,0,54 60,0,15,,5457,2,0,54 60,0,15,,97,2,0,54 60,0,15,,5456,2,0,54 60,0,55,,2213,2,0,54 60,0,15,,423,2,0,54 60,0,15,,5436,2,0,54 60,0,15,,5434,2,0,54 60,0,55,,5472,2,0,54 60,0,15,,5419,2,0,54 60,0,15,,338,2,0,54 60,0,10,,543,2,0,54 60,0,60,,5499,2,0,54 60,0,10,,5401,2,0,54 60,0,20,,5478,2,0,54 60,0,10,,2602,2,0,54 60,0,60,,4757,2,0,54 60,0,10,,3343,2,0,54 60,0,10,,4113,2,0,54 60,0,10,,2076,2,0,54 60,0,10,,4573,2,0,54 60,0,10,,1199,2,0,54 60,0,50,,5086,2,0,54 60,0,10,,5431,2,0,54 60,0,10,,5484,2,0,54 60,0,10,,1624,2,0,54 60,0,10,,2023,2,0,54 60,0,10,,5085,2,0,54 60,0,50,,5490,2,0,54 60,0,10,,5500,2,0,54 60,0,10,,5486,2,0,54 60,0,10,,5449,2,0,54 60,0,10,,4538,2,0,54 60,0,10,,5497,2,0,54 60,0,50,,5477,2,0,54 60,0,10,,4681,2,0,54 60,0,10,,5473,2,0,54 60,0,10,,4977,2,0,54 60,0,10,,5417,2,0,54 60,0,10,,5487,2,0,54 60,0,60,,5476,2,0,54 60,0,30,,4861,2,0,54 60,0,70,,5501,2,0,54 60,0,30,,5425,2,0,54 60,0,70,,5340,2,0,54 60,0,30,,5440,2,0,54 60,0,70,,5485,2,0,54 60,0,30,,5481,2,0,54 60,0
100,'2',740,,5539,2,0,54 60,0,69,,5530,2,0,54 60,0,30,,2618,2,0,54 60,0,70,,5554,2,0,54 60,0,30,,5516,2,0,54 60,0,70,,5526,2,0,54 60,0,30,,5549,2,0,54 60,0,70,,5550,2,0,54 60,0,30,,4273,2,0,54 60,0,70,,5541,2,0,54 60,0,30,,5509,2,0,54 60,0,70,,5510,2,0,54 60,0,30,,5519,2,0,54 60,0,70,,5551,2,0,54 60,0,30,,3681,2,0,54 60,0,70,,5517,2,0,54 60,0,30,,190,2,0,54 60,0,70,,5529,2,0,54 60,0,30,,5543,2,0,54 60,0,70,,5514,2,0,54 60,0,30,,5553,2,0,54 60,0,70,,5525,2,0,54 60,0,30,,5515,2,0,54 60,0,70,,5536,2,0,54 60,0,30,,5538,2,0,54 60,0,70,,5524,2,0,54 60,0,30,,5532,2,0,54 60,0,70,,5513,2,0,54 60,0,30,,5533,2,0,54 60,0,70,,5535,2,0,54 60,0,30,,5521,2,0,54 60,0,70,,2924,2,0,54 60,0,30,,5546,2,0,54 60,0
100,'3',840,,5562,2,0,54 60,0,69,,5590,2,0,54 60,0,30,,4923,2,0,54 60,0,70,,4990,2,0,54 60,0,30,,5587,2,0,54 60,0,70,,5591,2,0,54 60,0,30,,5584,2,0,54 60,0,70,,5577,2,0,54 60,0,30,,5570,2,0,54 60,0,70,,5593,2,0,54 60,0,30,,5575,2,0,54 60,0,70,,5564,2,0,54 60,0,30,,5586,2,0,54 60,0,70,,4265,2,0,54 60,0,30,,5566,2,0,54 60,0,70,,5594,2,0,54 60,0,30,,5559,2,0,54 60,0,70,,5569,2,0,54 60,0,30,,4261,2,0,54 60,0,70,,5582,2,0,54 60,0,30,,5560,2,0,54 60,0,70,,5585,2,0,54 60,0,30,,5583,2,0,54 60,0,70,,5574,2,0,54 60,0,30,,5563,2,0,54 60,0
400,'1',643,,3499,26,0,53 45 20,0,74,,4941,26,0,53 45 20,0,27,,5343,26,0,53 45 20,0,59,,3204,26,0,53 45 20,0,31,,4418,26,0,53 45 20,0,20,,5884,26,0,53 45 20,0,64,,5897,26,0,53 45 20,0,26,,1616,26,0,53 45 20,0,65,,4569,26,0,53 45 20,0,44,,5886,26,0,53 45 20,0,67,,5892,26,0,53 45 20,0,25,,81,26,0,53 45 20,0,81,,5890,26,0,53 45 20,0,30,,1865,26,0,53 45 20,0,65,,430,26,0,53 45 20,0,81,,3650,26,0,53 45 20,0,30,,3249,26,0,53 45 20,0,25,,5410,26,0,53 45 20,0,86,,5887,26,0,53 45 20,0,75,,5888,26,0,53 45 20,0,23,,5896,26,0,53 45 20,0,73,,5889,26,0,53 45 20,0,20,,3823,26,0,53 45 20,0,75,,312,26,0,53 45 20,0,21,,5885,26,0,53 45 20,0,77,,5883,26,0,53 45 20,0,19,,5894,26,0,53 45 20,0,25,,5893,26,0,53 45 20,0,64,,5895,26,0,53 45 20,0,28,,3174,26,0,53 45 20,0,103,,1522,26,0,53 45 20,0,81,,5116,26,0,53 45 20,0,99,,5891,26,0,53 45 20,0,75,,4916,26,0,53 45 20,0
400,'2',741,,5900,26,0,53 45 20,0,100,,5319,26,0,53 45 20,0,100,,5909,26,0,53 45 20,0,100,,5906,26,0,53 45 20,0,100,,5905,26,0,53 45 20,0,100,,5903,26,0,53 45 20,0,100,,5904,26,0,53 45 20,0,100,,4936,26,0,53 45 20,0,100,,5910,26,0,53 45 20,0,100,,5902,26,0,53 45 20,0,100,,5907,26,0,53 45 20,0,100,,5908,26,0,53 45 20,0,100,,4749,26,0,53 45 20,0,100,,5901,26,0,53 45 20,0,100,,5899,26,0,53 45 20,0,100,,5213,26,0,53 45 20,0
400,'3',841,,3767,26,0,53 45 20,0,100,,4618,26,0,53 45 20,0,100,,5918,26,0,53 45 20,0,100,,5915,26,0,53 45 20,0,100,,5914,26,0,53 45 20,0,100,,5916,26,0,53 45 20,0,100,,5911,26,0,53 45 20,0,100,,5919,26,0,53 45 20,0,100,,5912,26,0,53 45 20,0,100,,5913,26,0,53 45 20,0,100,,5917,26,0,53 45 20,0,100,,2570,26,0,53 45 20,0
1001,'1',640,,2575,2,,,0,70,,6356,2,,,0,30,,6353,2,,,0,70,,6354,2,,,0,30,,6361,2,,,0,70,,6357,2,,,0,30,,4118,2,,,0,475,,6355,2,,,0,30,,4725,2,,,0,70,,6362,2,,,0,30,,6360,2,,,0,70,,6359,2,,,0,30,,2854,2,,,0,70,,6358,2,,,0
1500,'1',610,,6618,2,,,0,35,,4436,2,,,0,75,,4089,2,,,0,32,,6621,2,,,0,78,,1510,2,,,0,75,,4101,2,,,0,32,,6610,2,,,0,72,,1580,2,,,0,32,,4633,2,,,0,72,,6612,2,,,0,32,,2992,2,,,0,72,,6611,2,,,0,32,,6619,2,,,0,69,,3833,2,,,0,35,,6616,2,,,0,66,,2732,2,,,0,38,,6614,2,,,0,73,,6615,2,,,0,75,,1184,2,,,0,35,,6620,2,,,0,75,,6609,2,,,0,85,,6613,2,,,0,30,,4572,2,,,0,75,,6617,2,,,0,105,,4260,2,,,0
1500,'2',740,,6630,2,,,0,100,,6622,2,,,0,100,,6625,2,,,0,100,,6623,2,,,0,100,,6634,2,,,0,100,,6624,2,,,0,100,,6633,2,,,0,100,,6628,2,,,0,100,,6626,2,,,0,100,,6627,2,,,0,100,,6631,2,,,0,100,,6629,2,,,0,100,,6632,2,,,0
1500,'3',840,,6635,2,,,0,100,,6638,2,,,0,100,,6640,2,,,0,100,,6642,2,,,0,100,,3978,2,,,0,100,,6644,2,,,0,100,,6641,2,,,0,100,,6639,2,,,0,100,,6637,2,,,0,100,,6636,2,,,0,100,,6643,2,,,0,100,,4619,2,,,0
1801,'1',610,,3196,2,,,0,30,,6715,2,,,0,70,,6722,2,,,0,30,,5194,2,,,0,70,,5188,2,,,0,30,,6720,2,,,0,70,,6718,2,,,0,30,,917,2,,,0,70,,6719,2,,,0,30,,4292,2,,,0,70,,1667,2,,,0,30,,6721,2,,,0,70,,3199,2,,,0,30,,6716,2,,,0,70,,1124,2,,,0,30,,235,2,,,0,70,,6723,2,,,0,30,,5190,2,,,0,70,,6724,2,,,0,30,,3911,2,,,0,76,,1912,2,,,0,30,,4685,2,,,0,70,,328,2,,,0,30,,6714,2,,,0,70,,1326,2,,,0,24,,6713,2,,,0,70,,2809,2,,,0,100,,4760,2,,,0,100,,6717,2,,,0
1801,'2',710,,6734,2,,,0,100,,6729,2,,,0,100,,6727,2,,,0,100,,1707,2,,,0,100,,6733,2,,,0,100,,6726,2,,,0,100,,4792,2,,,0,100,,6731,2,,,0,100,,6732,2,,,0,100,,6725,2,,,0,100,,1093,2,,,0,100,,6730,2,,,0,100,,6728,2,,,0
1801,'3',810,,6742,2,,,0,100,,6743,2,,,0,100,,6738,2,,,0,100,,6735,2,,,0,100,,6740,2,,,0,100,,6744,2,,,0,100,,6737,2,,,0,100,,6741,2,,,0,100,,5028,2,,,0,100,,6739,2,,,0,100,,2757,2,,,0,100,,6736,2,,,0
2801,'1',610,,5263,2,,,0,30,,4723,2,,,0,70,,4973,2,,,0,30,,6943,2,,,0,70,,4385,2,,,0,30,,2658,2,,,0,70,,6944,2,,,0,30,,6935,2,,,0,70,,2839,2,,,0,30,,5275,2,,,0,70,,6934,2,,,0,30,,6941,2,,,0,70,,6936,2,,,0,30,,6932,2,,,0,70,,6939,2,,,0,30,,6938,2,,,0,70,,6933,2,,,0,30,,196,2,,,0,70,,6930,2,,,0,30,,4386,2,,,0,76,,4223,2,,,0,30,,5095,2,,,0,70,,6942,2,,,0,30,,6937,2,,,0,70,,6929,2,,,0,24,,2774,2,,,0,70,,6940,2,,,0,30,,6931,2,,,0,100,,2580,2,,,0,100,,1511,2,,,0
2801,'2',640,,6947,2,,,0,100,,4190,2,,,0,100,,6945,2,,,0,100,,6950,2,,,0,100,,4905,2,,,0,100,,6954,2,,,0,100,,6956,2,,,0,100,,6951,2,,,0,100,,6953,2,,,0,100,,6949,2,,,0,100,,6955,2,,,0,100,,6952,2,,,0,100,,6946,2,,,0,100,,6948,2,,,0
2801,'3',840,,6963,2,,,0,100,,4299,2,,,0,100,,6957,2,,,0,100,,6959,2,,,0,100,,6960,2,,,0,100,,6964,2,,,0,100,,6961,2,,,0,100,,6958,2,,,0,100,,6965,2,,,0,100,,5356,2,,,0,100,,6962,2,,,0,100,,6966,2,,,0
