300,'1',551,,2609,1,,,0,77,,5392,1,,,0,20,,5774,1,,,0,66,,5780,1,,,0,22,,3209,1,,,0,66,,5793,1,,,0,23,,5787,1,,,0,25,,3354,1,,,0,63,,5776,1,,,0,20,,5399,1,,,0,25,,5778,1,,,0,63,,228,1,,,0,20,,5781,1,,,0,65,,5022,1,,,0,23,,5791,1,,,0,20,,5792,1,,,0,65,,5010,1,,,0,23,,5779,1,,,0,20,,5795,1,,,0,65,,2871,1,,,0,23,,5777,1,,,0,60,,4038,1,,,0,25,,5797,1,,,0,23,,5782,1,,,0,60,,5794,1,,,0,27,,5775,1,,,0,63,,5785,1,,,0,25,,5788,1,,,0,25,,5783,1,,,0,63,,1162,1,,,0,20,,5784,1,,,0,70,,4674,1,,,0,27,,1512,1,,,0,20,,5796,1,,,0,66,,5789,1,,,0,21,,5014,1,,,0,63,,4952,1,,,0,29,,4560,1,,,0,103,,5790,1,,,0,108,,5786,1,,,0
300,'2',700,,5810,1,,,0,30,,5801,1,,,0,70,,5819,1,,,0,30,,5812,1,,,0,70,,5818,1,,,0,30,,2895,1,,,0,70,,5820,1,,,0,30,,4845,1,,,0,70,,3868,1,,,0,30,,5806,1,,,0,70,,5800,1,,,0,30,,5809,1,,,0,70,,5817,1,,,0,30,,5804,1,,,0,70,,5798,1,,,0,30,,5807,1,,,0,70,,5816,1,,,0,30,,5799,1,,,0,70,,5808,1,,,0,30,,4503,1,,,0,70,,5802,1,,,0,30,,5805,1,,,0,70,,5803,1,,,0,30,,5813,1,,,0,70,,4342,1,,,0,30,,5815,1,,,0,70,,4135,1,,,0,100,,4240,1,,,0,100,,5811,1,,,0,110,,5814,1,,,0
300,'3',800,,5825,1,,,0,100,,5822,1,,,0,100,,5829,1,,,0,100,,5824,1,,,0,100,,5823,1,,,0,100,,5828,1,,,0,100,,5831,1,,,0,100,,5821,1,,,0,100,,5826,1,,,0,100,,3971,1,,,0,100,,5830,1,,,0,100,,5827,1,,,0
301,'1',625,,2835,24,4,,0,20,,5180,24,4,,0,64,,5845,24,4,,0,24,,5839,24,4,,0,26,,3621,24,4,,0,63,,4641,24,4,,0,22,,1665,24,4,,0,66,,5836,24,4,,0,20,,5841,24,4,,0,25,,5842,24,4,,0,63,,4433,24,4,,0,20,,2502,24,4,,0,65,,1260,24,4,,0,23,,5339,24,4,,0,20,,704,24,4,,0,65,,5837,24,4,,0,23,,1799,24,4,,0,20,,5844,24,4,,0,65,,5840,24,4,,0,23,,4679,24,4,,0,60,,4953,24,4,,0,25,,676,24,4,,0,23,,5834,24,4,,0,60,,3193,24,4,,0,27,,2724,24,4,,0,63,,5843,24,4,,0,25,,5832,24,4,,0,25,,5849,24,4,,0,63,,4393,24,4,,0,20,,4398,24,4,,0,70,,1177,24,4,,0,27,,252,24,4,,0,20,,5847,24,4,,0,66,,5838,24,4,,0,21,,5848,24,4,,0,63,,4752,24,4,,0,29,,5835,24,4,,0,103,,5846,24,4,,0,108,,5833,24,4,,0,108,,4854,24,4,,0
301,'2',730,,5861,24,4,,0,70,,5864,24,4,,0,30,,5851,24,4,,0,70,,5869,24,4,,0,30,,5862,24,4,,0,70,,5856,24,4,,0,30,,5872,24,4,,0,70,,5850,24,4,,0,30,,5867,24,4,,0,70,,2819,24,4,,0,30,,5858,24,4,,0,70,,5865,24,4,,0,30,,3311,24,4,,0,70,,5866,24,4,,0,30,,5860,24,4,,0,70,,5855,24,4,,0,30,,5168,24,4,,0,70,,5863,24,4,,0,30,,5854,24,4,,0,70,,4742,24,4,,0,30,,5871,24,4,,0,70,,4526,24,4,,0,30,,5870,24,4,,0,70,,5853,24,4,,0,30,,2555,24,4,,0,70,,5859,24,4,,0,100,,5857,24,4,,0,100,,5852,24,4,,0,100,,3929,24,4,,0,100,,5868,24,4,,0
301,'3',900,,5879,24,4,,0,100,,4735,24,4,,0,100,,5880,24,4,,0,100,,5876,24,4,,0,100,,5874,24,4,,0,100,,5882,24,4,,0,100,,5103,24,4,,0,100,,5877,24,4,,0,100,,5881,24,4,,0,100,,5873,24,4,,0,100,,5878,24,4,,0,100,,5875,24,4,,0
500,'1',601,,3898,1,0,8 7 1 9,0,15,,5974,13,0,8 7 1 9,0,22,,5997,13,0,8 7 1 9,0,21,,3964,13,0,8 7 1 9,0,55,,2207,13,0,8 7 1 9,0,19,,5063,13,0,8 7 1 9,0,11,,5965,13,0,8 7 1 9,0,15,,6012,13,0,8 7 1 9,0,55,,5969,13,0,8 7 1 9,0,15,,262,13,0,8 7 1 9,0,15,,3745,13,0,8 7 1 9,0,57,,5326,13,0,8 7 1 9,0,19,,5199,13,0,8 7 1 9,0,15,,5277,13,0,8 7 1 9,0,9,,5993,13,0,8 7 1 9,0,56,,402,13,0,8 7 1 9,0,15,,4117,13,0,8 7 1 9,0,11,,1286,13,0,8 7 1 9,0,18,,5996,13,0,8 7 1 9,0,56,,4606,13,0,8 7 1 9,0,24,,5962,13,0,8 7 1 9,0,17,,6002,13,0,8 7 1 9,0,60,,5987,13,0,8 7 1 9,0,20,,6011,13,0,8 7 1 9,0,20,,3741,13,0,8 7 1 9,0,60,,6017,13,0,8 7 1 9,0,20,,5150,13,0,8 7 1 9,0,20,,5992,13,0,8 7 1 9,0,60,,5970,13,0,8 7 1 9,0,20,,5981,13,0,8 7 1 9,0,20,,5971,13,0,8 7 1 9,0,60,,2223,13,0,8 7 1 9,0,20,,5966,13,0,8 7 1 9,0,20,,4851,13,0,8 7 1 9,0,60,,5967,13,0,8 7 1 9,0,19,,192,13,0,8 7 1 9,0,22,,6008,13,0,8 7 1 9,0,58,,5990,13,0,8 7 1 9,0,15,,2375,13,0,8 7 1 9,0,15,,3114,13,0,8 7 1 9,0,15,,5988,13,0,8 7 1 9,0,55,,2837,13,0,8 7 1 9,0,12,,3824,13,0,8 7 1 9,0,18,,4395,13,0,8 7 1 9,0,15,,5984,13,0,8 7 1 9,0,55,,5985,13,0,8 7 1 9,0,15,,6003,13,0,8 7 1 9,0,19,,4981,13,0,8 7 1 9,0,15,,3910,13,0,8 7 1 9,0,51,,4434,13,0,8 7 1 9,0,15,,5989,13,0,8 7 1 9,0,15,,3662,13,0,8 7 1 9,0,11,,6018,13,0,8 7 1 9,0,67,,4565,13,0,8 7 1 9,0,30,,6009,13,0,8 7 1 9,0,70,,5044,13,0,8 7 1 9,0,31,,5268,13,0,8 7 1 9,0,69,,5963,13,0,8 7 1 9,0,24,,343,30,4,,0
500,'2',740,,6033,13,0,8 7 1 9,0,66,,6059,13,0,8 7 1 9,0,29,,6029,13,0,8 7 1 9,0,70,,4079,13,0,8 7 1 9,0,30,,4881,13,0,8 7 1 9,0,70,,6066,13,0,8 7 1 9,0,30,,6024,13,0,8 7 1 9,0,70,,5169,13,0,8 7 1 9,0,30,,6055,13,0,8 7 1 9,0,70,,6053,13,0,8 7 1 9,0,30,,4741,13,0,8 7 1 9,0,70,,6046,13,0,8 7 1 9,0,30,,6020,13,0,8 7 1 9,0,70,,6045,13,0,8 7 1 9,0,30,,6041,13,0,8 7 1 9,0,70,,6047,13,0,8 7 1 9,0,30,,4246,13,0,8 7 1 9,0,70,,5307,13,0,8 7 1 9,0,30,,6035,13,0,8 7 1 9,0,70,,6060,13,0,8 7 1 9,0,30,,4143,13,0,8 7 1 9,0,70,,6039,13,0,8 7 1 9,0,30,,6022,13,0,8 7 1 9,0,70,,6057,13,0,8 7 1 9,0,30,,6061,13,0,8 7 1 9,0,70,,6036,13,0,8 7 1 9,0,30,,6065,13,0,8 7 1 9,0,70,,6034,13,0,8 7 1 9,0,30,,6048,13,0,8 7 1 9,0,70,,6040,13,0,8 7 1 9,0,30,,6068,13,0,8 7 1 9,0,103,,6026,30,4,,0
500,'3',810,,6075,13,0,8 7 1 9,0,31,,6101,13,0,8 7 1 9,0,68,,6071,13,0,8 7 1 9,0,30,,6086,13,0,8 7 1 9,0,70,,6099,13,0,8 7 1 9,0,30,,6089,13,0,8 7 1 9,0,70,,4044,13,0,8 7 1 9,0,30,,6072,13,0,8 7 1 9,0,70,,6083,13,0,8 7 1 9,0,30,,6093,13,0,8 7 1 9,0,70,,6078,13,0,8 7 1 9,0,30,,3339,13,0,8 7 1 9,0,70,,6108,13,0,8 7 1 9,0,30,,6106,13,0,8 7 1 9,0,70,,593,13,0,8 7 1 9,0,30,,6073,13,0,8 7 1 9,0,70,,4056,13,0,8 7 1 9,0,30,,4989,13,0,8 7 1 9,0,70,,6110,13,0,8 7 1 9,0,30,,6100,13,0,8 7 1 9,0,70,,6095,13,0,8 7 1 9,0,30,,6107,13,0,8 7 1 9,0,70,,6081,13,0,8 7 1 9,0,30,,6109,13,0,8 7 1 9,0,70,,5239,13,0,8 7 1 9,0,29,,6074,30,4,,0
501,'1',610,,6144,1,0,13 5 6 1 7,0,11,,2273,15,0,13 5 6 1 7,0,15,,6132,15,0,13 5 6 1 7,0,15,,4849,15,0,13 5 6 1 7,0,55,,724,15,0,13 5 6 1 7,0,12,,1731,15,0,13 5 6 1 7,0,16,,6147,15,0,13 5 6 1 7,0,19,,6116,15,0,13 5 6 1 7,0,55,,6169,15,0,13 5 6 1 7,0,13,,4095,15,0,13 5 6 1 7,0,15,,6154,15,0,13 5 6 1 7,0,15,,6171,15,0,13 5 6 1 7,0,55,,4642,15,0,13 5 6 1 7,0,13,,6136,15,0,13 5 6 1 7,0,20,,265,15,0,13 5 6 1 7,0,20,,6137,15,0,13 5 6 1 7,0,60,,6134,15,0,13 5 6 1 7,0,20,,6153,15,0,13 5 6 1 7,0,20,,4427,15,0,13 5 6 1 7,0,57,,2520,15,0,13 5 6 1 7,0,23,,6138,15,0,13 5 6 1 7,0,17,,6157,15,0,13 5 6 1 7,0,63,,4659,15,0,13 5 6 1 7,0,16,,5336,15,0,13 5 6 1 7,0,20,,6155,15,0,13 5 6 1 7,0,64,,2976,15,0,13 5 6 1 7,0,20,,1117,15,0,13 5 6 1 7,0,20,,6167,15,0,13 5 6 1 7,0,60,,2986,15,0,13 5 6 1 7,0,15,,2111,15,0,13 5 6 1 7,0,20,,6114,15,0,13 5 6 1 7,0,60,,3782,15,0,13 5 6 1 7,0,17,,6148,15,0,13 5 6 1 7,0,15,,6126,15,0,13 5 6 1 7,0,55,,4412,15,0,13 5 6 1 7,0,15,,6162,15,0,13 5 6 1 7,0,15,,6121,15,0,13 5 6 1 7,0,15,,6127,15,0,13 5 6 1 7,0,55,,6166,15,0,13 5 6 1 7,0,15,,2875,15,0,13 5 6 1 7,0,18,,6172,15,0,13 5 6 1 7,0,15,,6140,15,0,13 5 6 1 7,0,55,,4640,15,0,13 5 6 1 7,0,15,,6173,15,0,13 5 6 1 7,0,15,,5157,15,0,13 5 6 1 7,0,12,,6131,15,0,13 5 6 1 7,0,58,,6125,15,0,13 5 6 1 7,0,13,,6163,15,0,13 5 6 1 7,0,30,,4107,15,0,13 5 6 1 7,0,67,,6141,15,0,13 5 6 1 7,0,34,,4917,15,0,13 5 6 1 7,0,66,,6146,15,0,13 5 6 1 7,0,30,,6164,15,0,13 5 6 1 7,0,70,,6124,15,0,13 5 6 1 7,0,30,,1681,15,0,13 5 6 1 7,0,67,,6168,15,0,13 5 6 1 7,0,33,,6156,15,0,13 11 12,0
501,'2',648,,6221,15,0,13 5 6 1 7,0,65,,6210,15,0,13 5 6 1 7,0,30,,6175,15,0,13 5 6 1 7,0,70,,6225,15,0,13 5 6 1 7,0,30,,6193,15,0,13 5 6 1 7,0,70,,6209,15,0,13 5 6 1 7,0,30,,6180,15,0,13 5 6 1 7,0,70,,6216,15,0,13 5 6 1 7,0,30,,6229,15,0,13 5 6 1 7,0,70,,6184,15,0,13 5 6 1 7,0,30,,6192,15,0,13 5 6 1 7,0,70,,6223,15,0,13 5 6 1 7,0,30,,6213,15,0,13 5 6 1 7,0,70,,4138,15,0,13 5 6 1 7,0,30,,4358,15,0,13 5 6 1 7,0,70,,6199,15,0,13 5 6 1 7,0,30,,6179,15,0,13 5 6 1 7,0,70,,6195,15,0,13 5 6 1 7,0,30,,6207,15,0,13 5 6 1 7,0,70,,6196,15,0,13 5 6 1 7,0,30,,6200,15,0,13 5 6 1 7,0,70,,2893,15,0,13 5 6 1 7,0,30,,4144,15,0,13 5 6 1 7,0,70,,6205,15,0,13 5 6 1 7,0,30,,6182,15,0,13 5 6 1 7,0,70,,6186,15,0,13 5 6 1 7,0,30,,4915,15,0,13 5 6 1 7,0,70,,6174,15,0,13 5 6 1 7,0,30,,6227,15,0,13 5 6 1 7,0,70,,6222,15,0,13 5 6 1 7,0,100,,6177,15,0,13 5 6 1 7,0,100,,6194,15,0,13 5 6 1 7,0
501,'3',748,,6235,15,0,13 5 6 1 7,0,65,,6245,15,0,13 5 6 1 7,0,30,,6230,15,0,13 5 6 1 7,0,70,,6247,15,0,13 5 6 1 7,0,30,,6264,15,0,13 5 6 1 7,0,70,,6253,15,0,13 5 6 1 7,0,30,,6265,15,0,13 5 6 1 7,0,70,,6273,15,0,13 5 6 1 7,0,30,,6266,15,0,13 5 6 1 7,0,70,,6241,15,0,13 5 6 1 7,0,30,,6238,15,0,13 5 6 1 7,0,70,,6267,15,0,13 5 6 1 7,0,30,,6233,15,0,13 5 6 1 7,0,70,,6262,15,0,13 5 6 1 7,0,30,,6261,15,0,13 5 6 1 7,0,70,,6272,15,0,13 5 6 1 7,0,30,,6254,15,0,13 5 6 1 7,0,70,,6234,15,0,13 5 6 1 7,0,30,,6270,15,0,13 5 6 1 7,0,70,,4467,15,0,13 5 6 1 7,0,30,,6251,15,0,13 5 6 1 7,0,70,,4456,15,0,13 5 6 1 7,0,30,,6231,15,0,13 5 6 1 7,0,70,,2936,15,0,13 5 6 1 7,0,30,,6259,15,0,13 5 6 1 7,0
