500,'1',557,,5974,2,0,8 7 1 9,0,62,,5997,2,0,8 7 1 9,0,21,,3964,2,0,8 7 1 9,0,15,,2207,2,0,8 7 1 9,0,59,,5063,2,0,8 7 1 9,0,11,,5965,2,0,8 7 1 9,0,15,,6012,2,0,8 7 1 9,0,15,,5969,2,0,8 7 1 9,0,55,,262,2,0,8 7 1 9,0,15,,3745,2,0,8 7 1 9,0,17,,5326,2,0,8 7 1 9,0,59,,5199,2,0,8 7 1 9,0,15,,5277,2,0,8 7 1 9,0,9,,5993,2,0,8 7 1 9,0,15,,402,2,0,8 7 1 9,0,15,,4117,2,0,8 7 1 9,0,51,,1286,2,0,8 7 1 9,0,18,,5996,2,0,8 7 1 9,0,16,,4606,2,0,8 7 1 9,0,64,,5962,2,0,8 7 1 9,0,17,,6002,2,0,8 7 1 9,0,20,,5987,2,0,8 7 1 9,0,60,,6011,2,0,8 7 1 9,0,20,,3741,2,0,8 7 1 9,0,20,,6017,2,0,8 7 1 9,0,60,,5150,2,0,8 7 1 9,0,20,,5992,2,0,8 7 1 9,0,20,,5970,2,0,8 7 1 9,0,60,,5981,2,0,8 7 1 9,0,20,,5971,2,0,8 7 1 9,0,20,,2223,2,0,8 7 1 9,0,60,,5966,2,0,8 7 1 9,0,20,,4851,2,0,8 7 1 9,0,20,,5967,2,0,8 7 1 9,0,59,,192,2,0,8 7 1 9,0,22,,6008,2,0,8 7 1 9,0,18,,5990,2,0,8 7 1 9,0,15,,2375,2,0,8 7 1 9,0,55,,3114,2,0,8 7 1 9,0,15,,5988,2,0,8 7 1 9,0,15,,2837,2,0,8 7 1 9,0,12,,3824,2,0,8 7 1 9,0,58,,4395,2,0,8 7 1 9,0,15,,5984,2,0,8 7 1 9,0,15,,5985,2,0,8 7 1 9,0,15,,6003,2,0,8 7 1 9,0,59,,4981,2,0,8 7 1 9,0,15,,3910,2,0,8 7 1 9,0,11,,4434,2,0,8 7 1 9,0,15,,5989,2,0,8 7 1 9,0,55,,3662,2,0,8 7 1 9,0,11,,6018,2,0,8 7 1 9,0,27,,4565,2,0,8 7 1 9,0,70,,6009,2,0,8 7 1 9,0,30,,5044,2,0,8 7 1 9,0,71,,5268,2,0,8 7 1 9,0,29,,5963,2,0,8 7 1 9,0,64,,343,19,0,10,0
500,'2',720,,6033,2,0,8 7 1 9,0,26,,6059,2,0,8 7 1 9,0,69,,6029,2,0,8 7 1 9,0,30,,4079,2,0,8 7 1 9,0,70,,4881,2,0,8 7 1 9,0,30,,6066,2,0,8 7 1 9,0,70,,6024,2,0,8 7 1 9,0,30,,5169,2,0,8 7 1 9,0,70,,6055,2,0,8 7 1 9,0,30,,6053,2,0,8 7 1 9,0,70,,4741,2,0,8 7 1 9,0,30,,6046,2,0,8 7 1 9,0,70,,6020,2,0,8 7 1 9,0,30,,6045,2,0,8 7 1 9,0,70,,6041,2,0,8 7 1 9,0,30,,6047,2,0,8 7 1 9,0,70,,4246,2,0,8 7 1 9,0,30,,5307,2,0,8 7 1 9,0,70,,6035,2,0,8 7 1 9,0,30,,6060,2,0,8 7 1 9,0,70,,4143,2,0,8 7 1 9,0,30,,6039,2,0,8 7 1 9,0,70,,6022,2,0,8 7 1 9,0,30,,6057,2,0,8 7 1 9,0,70,,6061,2,0,8 7 1 9,0,30,,6036,2,0,8 7 1 9,0,70,,6065,2,0,8 7 1 9,0,30,,6034,2,0,8 7 1 9,0,70,,6048,2,0,8 7 1 9,0,30,,6040,2,0,8 7 1 9,0,70,,6068,2,0,8 7 1 9,0,103,,6026,19,0,10,0
500,'3',750,,6075,2,0,8 7 1 9,0,71,,6101,2,0,8 7 1 9,0,28,,6071,2,0,8 7 1 9,0,70,,6086,2,0,8 7 1 9,0,30,,6099,2,0,8 7 1 9,0,70,,6089,2,0,8 7 1 9,0,30,,4044,2,0,8 7 1 9,0,70,,6072,2,0,8 7 1 9,0,30,,6083,2,0,8 7 1 9,0,70,,6093,2,0,8 7 1 9,0,30,,6078,2,0,8 7 1 9,0,70,,3339,2,0,8 7 1 9,0,30,,6108,2,0,8 7 1 9,0,70,,6106,2,0,8 7 1 9,0,30,,593,2,0,8 7 1 9,0,70,,6073,2,0,8 7 1 9,0,30,,4056,2,0,8 7 1 9,0,70,,4989,2,0,8 7 1 9,0,30,,6110,2,0,8 7 1 9,0,70,,6100,2,0,8 7 1 9,0,30,,6095,2,0,8 7 1 9,0,70,,6107,2,0,8 7 1 9,0,30,,6081,2,0,8 7 1 9,0,70,,6109,2,0,8 7 1 9,0,30,,5239,2,0,8 7 1 9,0,69,,6074,19,0,10,0
501,'1',558,,4638,2,0,13 5 6 1 7,0,55,,1905,8,0,13 5 6 1 7,0,19,,6144,14,0,13 5 6 1 7,0,11,,6122,2,0,13 5 6 1 7,0,15,,84,2,0,13 5 6 1 7,0,55,,6158,2,0,13 5 6 1 7,0,15,,6129,2,0,13 5 6 1 7,0,12,,5192,2,0,13 5 6 1 7,0,16,,4918,2,0,13 5 6 1 7,0,59,,6150,2,0,13 5 6 1 7,0,15,,6143,2,0,13 5 6 1 7,0,13,,6142,2,0,13 5 6 1 7,0,15,,6165,2,0,13 5 6 1 7,0,55,,6152,2,0,13 5 6 1 7,0,15,,3254,2,0,13 5 6 1 7,0,15,,2876,2,0,13 5 6 1 7,0,60,,1668,2,0,13 5 6 1 7,0,20,,6170,2,0,13 5 6 1 7,0,17,,3455,2,0,13 5 6 1 7,0,60,,6135,2,0,13 5 6 1 7,0,20,,6133,2,0,13 5 6 1 7,0,21,,4764,2,0,13 5 6 1 7,0,59,,6149,2,0,13 5 6 1 7,0,20,,6115,2,0,13 5 6 1 7,0,20,,6118,2,0,13 5 6 1 7,0,60,,2725,2,0,13 5 6 1 7,0,20,,6120,2,0,13 5 6 1 7,0,20,,6130,2,0,13 5 6 1 7,0,60,,6119,2,0,13 5 6 1 7,0,20,,4571,2,0,13 5 6 1 7,0,20,,5271,2,0,13 5 6 1 7,0,15,,2670,2,0,13 5 6 1 7,0,60,,6123,2,0,13 5 6 1 7,0,26,,6161,2,0,13 5 6 1 7,0,15,,4680,2,0,13 5 6 1 7,0,52,,6145,2,0,13 5 6 1 7,0,18,,5266,2,0,13 5 6 1 7,0,15,,6128,2,0,13 5 6 1 7,0,15,,2593,2,0,13 5 6 1 7,0,52,,1808,2,0,13 5 6 1 7,0,18,,4407,2,0,13 5 6 1 7,0,15,,6160,2,0,13 5 6 1 7,0,15,,6117,2,0,13 5 6 1 7,0,55,,2487,2,0,13 5 6 1 7,0,15,,2347,2,0,13 5 6 1 7,0,15,,6159,2,0,13 5 6 1 7,0,15,,3569,2,0,13 5 6 1 7,0,55,,3011,2,0,13 5 6 1 7,0,15,,6139,2,0,13 5 6 1 7,0,12,,4034,2,0,13 5 6 1 7,0,70,,2374,2,0,13 5 6 1 7,0,27,,1129,2,0,13 5 6 1 7,0,74,,5279,2,0,13 5 6 1 7,0,31,,2659,2,0,13 5 6 1 7,0,65,,1217,2,0,13 5 6 1 7,0,30,,3259,2,0,13 5 6 1 7,0,70,,6151,2,0,13 5 6 1 7,0,27,,4718,2,0,13 5 6 1 7,0
501,'2',643,,6212,2,0,13 5 6 1 7,0,66,,6190,2,0,13 5 6 1 7,0,29,,6201,2,0,13 5 6 1 7,0,70,,6183,2,0,13 5 6 1 7,0,30,,6215,2,0,13 5 6 1 7,0,70,,6203,2,0,13 5 6 1 7,0,30,,5113,2,0,13 5 6 1 7,0,70,,6178,2,0,13 5 6 1 7,0,30,,4197,2,0,13 5 6 1 7,0,70,,6197,2,0,13 5 6 1 7,0,30,,6181,2,0,13 5 6 1 7,0,70,,6218,2,0,13 5 6 1 7,0,30,,6219,2,0,13 5 6 1 7,0,70,,3055,2,0,13 5 6 1 7,0,30,,6228,2,0,13 5 6 1 7,0,70,,6214,2,0,13 5 6 1 7,0,30,,6226,2,0,13 5 6 1 7,0,70,,6204,2,0,13 5 6 1 7,0,30,,6224,2,0,13 5 6 1 7,0,70,,6220,2,0,13 5 6 1 7,0,30,,6211,2,0,13 5 6 1 7,0,70,,4148,2,0,13 5 6 1 7,0,30,,6208,2,0,13 5 6 1 7,0,70,,6176,2,0,13 5 6 1 7,0,30,,6217,2,0,13 5 6 1 7,0,70,,6198,2,0,13 5 6 1 7,0,30,,6189,2,0,13 5 6 1 7,0,70,,6185,2,0,13 5 6 1 7,0,30,,6202,2,0,13 5 6 1 7,0,70,,6188,2,0,13 5 6 1 7,0,30,,6206,2,0,13 5 6 1 7,0,100,,6191,2,0,13 5 6 1 7,0,100,,6187,2,0,13 5 6 1 7,0
501,'3',743,,4313,2,0,13 5 6 1 7,0,66,,6250,2,0,13 5 6 1 7,0,29,,6248,2,0,13 5 6 1 7,0,70,,6268,2,0,13 5 6 1 7,0,30,,4058,2,0,13 5 6 1 7,0,70,,6237,2,0,13 5 6 1 7,0,30,,6244,2,0,13 5 6 1 7,0,70,,6271,2,0,13 5 6 1 7,0,30,,6236,2,0,13 5 6 1 7,0,70,,6252,2,0,13 5 6 1 7,0,30,,275,2,0,13 5 6 1 7,0,70,,6269,2,0,13 5 6 1 7,0,30,,6246,2,0,13 5 6 1 7,0,70,,6249,2,0,13 5 6 1 7,0,30,,6260,2,0,13 5 6 1 7,0,70,,6257,2,0,13 5 6 1 7,0,30,,6232,2,0,13 5 6 1 7,0,70,,6258,2,0,13 5 6 1 7,0,30,,6256,2,0,13 5 6 1 7,0,70,,6243,2,0,13 5 6 1 7,0,30,,6274,2,0,13 5 6 1 7,0,70,,6242,2,0,13 5 6 1 7,0,30,,6255,2,0,13 5 6 1 7,0,70,,6240,2,0,13 5 6 1 7,0,30,,6263,2,0,13 5 6 1 7,0,70,,6239,2,0,13 5 6 1 7,0
3700,'1',616,,4167,2,0,8 22,0,25,,2512,2,0,8 22,0,65,,6987,2,0,8 22,0,25,,5200,2,0,8 22,0,90,,6979,2,0,8 22,0,32,,2371,2,0,8 22,0,58,,4530,2,0,8 22,0,25,,6983,2,0,8 22,0,77,,6985,2,0,8 22,0,40,,6988,2,0,8 22,0,354,,4759,2,0,8 22,0,38,,1103,2,0,8 22,0,155,,6982,2,0,8 22,0,25,,5231,2,0,8 22,0,25,,4123,2,0,8 22,0,65,,5276,2,0,8 22,0,25,,6981,2,0,8 22,0,65,,6986,2,0,8 22,0,25,,2376,2,0,8 22,0,25,,6984,2,0,8 22,0,78,,6989,2,0,8 22,0,80,,6980,2,0,8 22,0
3700,'2',713,,3316,2,0,8 22,0,100,,6993,2,0,8 22,0,100,,7002,2,0,8 22,0,100,,7001,2,0,8 22,0,100,,6998,2,0,8 22,0,100,,7000,2,0,8 22,0,100,,6996,2,0,8 22,0,100,,6990,2,0,8 22,0,100,,6995,2,0,8 22,0,100,,6999,2,0,8 22,0,100,,6992,2,0,8 22,0,100,,6991,2,0,8 22,0,100,,6994,2,0,8 22,0,100,,6997,2,0,8 22,0,100,,7003,2,0,8 22,0
3700,'3',813,,3138,2,0,8 22,0,100,,7009,2,0,8 22,0,100,,7011,2,0,8 22,0,100,,7012,2,0,8 22,0,100,,7004,2,0,8 22,0,100,,7008,2,0,8 22,0,100,,7013,2,0,8 22,0,100,,7010,2,0,8 22,0,100,,7007,2,0,8 22,0,100,,7005,2,0,8 22,0,100,,7006,2,0,8 22,0,100,,5206,2,0,8 22,0
1003701,'1',801,,4847,2,,,0,724,,7229,2,,,0
