501,'1',558,,4638,3,0,13 5 6 1 7,0,55,,1905,9,0,13 5 6 1 7,0,19,,6144,15,0,13 5 6 1 7,0,11,,6122,3,0,13 5 6 1 7,0,15,,84,3,0,13 5 6 1 7,0,55,,6158,3,0,13 5 6 1 7,0,15,,6129,3,0,13 5 6 1 7,0,12,,5192,3,0,13 5 6 1 7,0,16,,4918,3,0,13 5 6 1 7,0,59,,6150,3,0,13 5 6 1 7,0,15,,6143,3,0,13 5 6 1 7,0,13,,6142,3,0,13 5 6 1 7,0,15,,6165,3,0,13 5 6 1 7,0,55,,6152,3,0,13 5 6 1 7,0,15,,3254,3,0,13 5 6 1 7,0,15,,2876,3,0,13 5 6 1 7,0,60,,1668,3,0,13 5 6 1 7,0,20,,6170,3,0,13 5 6 1 7,0,17,,3455,3,0,13 5 6 1 7,0,60,,6135,3,0,13 5 6 1 7,0,20,,6133,3,0,13 5 6 1 7,0,21,,4764,3,0,13 5 6 1 7,0,59,,6149,3,0,13 5 6 1 7,0,20,,6115,3,0,13 5 6 1 7,0,20,,6118,3,0,13 5 6 1 7,0,60,,2725,3,0,13 5 6 1 7,0,20,,6120,3,0,13 5 6 1 7,0,20,,6130,3,0,13 5 6 1 7,0,60,,6119,3,0,13 5 6 1 7,0,20,,4571,3,0,13 5 6 1 7,0,20,,5271,3,0,13 5 6 1 7,0,15,,2670,3,0,13 5 6 1 7,0,60,,6123,3,0,13 5 6 1 7,0,26,,6161,3,0,13 5 6 1 7,0,15,,4680,3,0,13 5 6 1 7,0,52,,6145,3,0,13 5 6 1 7,0,18,,5266,3,0,13 5 6 1 7,0,15,,6128,3,0,13 5 6 1 7,0,15,,2593,3,0,13 5 6 1 7,0,52,,1808,3,0,13 5 6 1 7,0,18,,4407,3,0,13 5 6 1 7,0,15,,6160,3,0,13 5 6 1 7,0,15,,6117,3,0,13 5 6 1 7,0,55,,2487,3,0,13 5 6 1 7,0,15,,2347,3,0,13 5 6 1 7,0,15,,6159,3,0,13 5 6 1 7,0,15,,3569,3,0,13 5 6 1 7,0,55,,3011,3,0,13 5 6 1 7,0,15,,6139,3,0,13 5 6 1 7,0,12,,4034,3,0,13 5 6 1 7,0,70,,2374,3,0,13 5 6 1 7,0,27,,1129,3,0,13 5 6 1 7,0,74,,5279,3,0,13 5 6 1 7,0,31,,2659,3,0,13 5 6 1 7,0,65,,1217,3,0,13 5 6 1 7,0,30,,3259,3,0,13 5 6 1 7,0,70,,6151,3,0,13 5 6 1 7,0,27,,4718,3,0,13 5 6 1 7,0
501,'2',643,,6212,3,0,13 5 6 1 7,0,66,,6190,3,0,13 5 6 1 7,0,29,,6201,3,0,13 5 6 1 7,0,70,,6183,3,0,13 5 6 1 7,0,30,,6215,3,0,13 5 6 1 7,0,70,,6203,3,0,13 5 6 1 7,0,30,,5113,3,0,13 5 6 1 7,0,70,,6178,3,0,13 5 6 1 7,0,30,,4197,3,0,13 5 6 1 7,0,70,,6197,3,0,13 5 6 1 7,0,30,,6181,3,0,13 5 6 1 7,0,70,,6218,3,0,13 5 6 1 7,0,30,,6219,3,0,13 5 6 1 7,0,70,,3055,3,0,13 5 6 1 7,0,30,,6228,3,0,13 5 6 1 7,0,70,,6214,3,0,13 5 6 1 7,0,30,,6226,3,0,13 5 6 1 7,0,70,,6204,3,0,13 5 6 1 7,0,30,,6224,3,0,13 5 6 1 7,0,70,,6220,3,0,13 5 6 1 7,0,30,,6211,3,0,13 5 6 1 7,0,70,,4148,3,0,13 5 6 1 7,0,30,,6208,3,0,13 5 6 1 7,0,70,,6176,3,0,13 5 6 1 7,0,30,,6217,3,0,13 5 6 1 7,0,70,,6198,3,0,13 5 6 1 7,0,30,,6189,3,0,13 5 6 1 7,0,70,,6185,3,0,13 5 6 1 7,0,30,,6202,3,0,13 5 6 1 7,0,70,,6188,3,0,13 5 6 1 7,0,30,,6206,3,0,13 5 6 1 7,0,100,,6191,3,0,13 5 6 1 7,0,100,,6187,3,0,13 5 6 1 7,0
501,'3',743,,4313,3,0,13 5 6 1 7,0,66,,6250,3,0,13 5 6 1 7,0,29,,6248,3,0,13 5 6 1 7,0,70,,6268,3,0,13 5 6 1 7,0,30,,4058,3,0,13 5 6 1 7,0,70,,6237,3,0,13 5 6 1 7,0,30,,6244,3,0,13 5 6 1 7,0,70,,6271,3,0,13 5 6 1 7,0,30,,6236,3,0,13 5 6 1 7,0,70,,6252,3,0,13 5 6 1 7,0,30,,275,3,0,13 5 6 1 7,0,70,,6269,3,0,13 5 6 1 7,0,30,,6246,3,0,13 5 6 1 7,0,70,,6249,3,0,13 5 6 1 7,0,30,,6260,3,0,13 5 6 1 7,0,70,,6257,3,0,13 5 6 1 7,0,30,,6232,3,0,13 5 6 1 7,0,70,,6258,3,0,13 5 6 1 7,0,30,,6256,3,0,13 5 6 1 7,0,70,,6243,3,0,13 5 6 1 7,0,30,,6274,3,0,13 5 6 1 7,0,70,,6242,3,0,13 5 6 1 7,0,30,,6255,3,0,13 5 6 1 7,0,70,,6240,3,0,13 5 6 1 7,0,30,,6263,3,0,13 5 6 1 7,0,70,,6239,3,0,13 5 6 1 7,0
2001,'1',609,,6864,7,,,0,29,,6860,7,,,0,81,,4559,7,,,0,34,,6863,7,,,0,75,,1203,7,,,0,75,,3142,7,,,0,35,,3466,7,,,0,70,,6862,7,,,0,33,,682,7,,,0,70,,1848,7,,,0,30,,4257,7,,,0,70,,2853,7,,,0,30,,6868,7,,,0,70,,6869,7,,,0,30,,6873,7,,,0,70,,4114,7,,,0,30,,2341,7,,,0,70,,6870,7,,,0,46,,6871,7,,,0,83,,6866,7,,,0,74,,3504,7,,,0,36,,6865,7,,,0,82,,6867,7,,,0,74,,4677,7,,,0,44,,6874,7,,,0,66,,4949,7,,,0,95,,6861,7,,,0,30,,195,7,,,0,70,,4108,7,,,0,100,,6872,7,,,0
2001,'2',717,,6885,7,,,0,100,,6883,7,,,0,100,,3477,7,,,0,100,,6881,7,,,0,100,,6878,7,,,0,100,,6880,7,,,0,100,,4363,7,,,0,100,,6884,7,,,0,100,,5220,7,,,0,100,,2679,7,,,0,100,,6876,7,,,0,100,,6875,7,,,0,100,,6882,7,,,0,100,,6879,7,,,0,100,,6877,7,,,0
2001,'3',817,,6888,7,,,0,100,,6891,7,,,0,100,,4730,7,,,0,100,,6892,7,,,0,100,,3981,7,,,0,100,,6890,7,,,0,100,,4042,7,,,0,100,,6893,7,,,0,100,,6887,7,,,0,100,,4577,7,,,0,100,,6886,7,,,0,100,,6889,7,,,0
3700,'1',616,,4167,3,0,8 22,0,25,,2512,3,0,8 22,0,65,,6987,3,0,8 22,0,25,,5200,3,0,8 22,0,90,,6979,3,0,8 22,0,32,,2371,3,0,8 22,0,58,,4530,3,0,8 22,0,25,,6983,3,0,8 22,0,78,,6985,3,0,8 22,0,40,,6988,3,0,8 22,0,354,,4759,3,0,8 22,0,38,,1103,3,0,8 22,0,155,,6982,3,0,8 22,0,25,,5231,3,0,8 22,0,25,,4123,3,0,8 22,0,65,,5276,3,0,8 22,0,25,,6981,3,0,8 22,0,65,,6986,3,0,8 22,0,25,,2376,3,0,8 22,0,25,,6984,3,0,8 22,0,78,,6989,3,0,8 22,0,80,,6980,3,0,8 22,0
3700,'2',714,,3316,3,0,8 22,0,100,,6993,3,0,8 22,0,100,,7002,3,0,8 22,0,100,,7001,3,0,8 22,0,100,,6998,3,0,8 22,0,100,,7000,3,0,8 22,0,100,,6996,3,0,8 22,0,100,,6990,3,0,8 22,0,100,,6995,3,0,8 22,0,100,,6999,3,0,8 22,0,100,,6992,3,0,8 22,0,100,,6991,3,0,8 22,0,100,,6994,3,0,8 22,0,100,,6997,3,0,8 22,0,100,,7003,3,0,8 22,0
3700,'3',814,,3138,3,0,8 22,0,100,,7009,3,0,8 22,0,100,,7011,3,0,8 22,0,100,,7012,3,0,8 22,0,100,,7004,3,0,8 22,0,100,,7008,3,0,8 22,0,100,,7013,3,0,8 22,0,100,,7010,3,0,8 22,0,100,,7007,3,0,8 22,0,100,,7005,3,0,8 22,0,100,,7006,3,0,8 22,0,100,,5206,3,0,8 22,0
1003701,'1',801,,4847,3,,,0,725,,7229,3,,,0
