1,100,'1',5412,4531,5008,5413,5414,5415,5416,3343,4088,4534,5417,3139,5418,5419,5420,2076,4681,4538,5421,5422,5423,5424,3291,5329,5085,5425,5426,5427,4392,5428,2023,4850,5086,5429,5430,3177,5431,2845,5401,5432,5433,5434,1624,4757,5435,4683,5436,5437,5119,5438,2213,5439,5440,4977,543,5441,5442,5443,4548,5340,5444,5445,4097,3349,5446,4855,4021,2361,5447,97,5448,5449,1055,5450,1199,5451,2597,3534,1278,5452,5453,4288,1988,1342,5454,4217,5455,5456,2602,5457,743,5458,5182,4861,5344,4109,5459,5460,5461,5462,5463,5464,5465,5466,5467,1438,5468,5469,5470,5471,5472,5473,5474,5475,5476,5274,1186,5477,5478,338,5094,5479,5480,5481,4113,5482,5483,5484,2243,5485,5486,5487,4863,5488,423,122,5489,4429,5189,5490,5491,5492,427,1807,5493,4573,5494,4574,5495,5496,5497,5498,5499,5500,5501,5502,5503,5504
1,100,'2',2680,4273,4878,5505,5506,5507,5508,2618,5509,5510,5511,5512,5513,5000,5514,5515,5516,5517,4589,4491,5518,4492,5519,5520,4355,5521,5522,5523,5524,5525,5526,5527,5528,5529,5530,5531,5532,5533,5534,5535,5536,5537,5538,5539,3233,5540,5541,5542,5543,4151,5544,5545,5546,5547,5548,5043,3681,5549,5550,5551,5552,2924,5553,190,5554,5555,5556
1,100,'3',4765,4261,4296,5557,3969,5558,5559,5560,5561,5562,4990,5563,5564,4923,5565,5566,5567,5568,4234,5569,5570,5571,4265,5572,5573,5574,5575,5576,5577,5578,5579,5580,5581,5582,5583,5584,5585,5586,5587,4057,5588,5589,3982,5590,5591,5592,5593,5594,5595,5596
1,101,'1',5597,5598,5599,2263,2498,4802,2714,5600,5601,5602,5603,5604,5605,5606,5607,2581,5608,2971,1415,2348,5609,5610,5611,3777,2716,5612,2265,3619,5613,1418,2080,5614,5615,403,4948,5616,5253,4852,5617,405,4637,5618,5619,3566,713,2848,4976,5620,5621,5622,544,5623,5624,5625,4714,5626,3212,5627,4406,5121,5628,5282,5629,723,1915,5630,2987,2988,5631,962,4556,1151,1059,5632,1859,5633,4219,2669,974,5017,5634,5635,5636,5637,5638,5639,5640,5641,981,5642,5643,5644,5645,4564,5646,5647,5648,5649,5650,5651,5652,5653,5654,5655,5656,5657,986,2999,5658,2096,3749,5659,4422,5660,5661,4810,3302,4032,1170,3303,5662,2673,3502,5663,999,5262,3600,5664,5411,5665,5666,4811,3004,5667,5668,5669,5061,4037,1070,5670,5671,3191,5672,4575,5673,5674,4726,5675,5676,5677,5678,134
1,101,'2',5679,5680,5681,5682,5683,5684,5685,5686,5687,5037,5688,5689,5690,5691,5692,3995,5693,5694,5695,4069,5696,5697,4626,5698,5699,5700,5701,5702,5703,5704,4628,5705,5706,5707,5708,5709,4935,5710,5711,5315,5712,5713,5714,5715,5716,5717,5718,5719,4366,5720,5721,5722,4513,5723,5724,5725,5726,5727,5728,5729,5730,5082,5731,5732,1772,4280,5733,4529
1,101,'3',5734,5735,5736,5737,5738,5739,5740,5741,5742,5743,4770,5744,5745,4991,5746,5747,5748,5749,5750,5751,5752,5753,5754,5755,4181,5756,5757,5758,5297,4824,5759,5760,4182,5070,5761,5762,5763,5764,5765,5766,4267,3691,5767,5768,5769,5770,5771,5772,5773
3,300,'1',5774,5392,5775,5776,5777,5399,5010,3209,5778,5779,1162,5780,4952,5781,5782,5783,1512,5784,5785,5786,228,5787,5014,4560,4674,5788,5789,3354,5790,5791,5792,5022,5793,5794,2871,5795,5796,2609,4038,5797
3,300,'2',4135,5798,5799,5800,5801,5802,5803,4342,5804,5805,5806,5807,5808,4240,2895,5809,3868,4503,5810,5811,5812,5813,5814,5815,5816,5817,5818,5819,4845,5820
3,300,'3',3971,5821,5822,5823,5824,5825,5826,5827,5828,5829,5830,5831
3,301,'1',676,1665,5832,2835,2502,1260,5833,5834,4393,4752,5835,704,4398,3621,4854,1177,5339,5180,4953,5836,4679,5837,2724,5838,5839,5840,4641,1799,5841,5842,5843,252,5844,5845,5846,5847,3193,5848,4433,5849
3,301,'2',5850,5168,5851,3311,5852,5853,5854,5855,3929,5856,5857,4742,5858,5859,5860,5861,5862,5863,5864,5865,5866,5867,2819,5868,2555,5869,5870,5871,5872,4526
3,301,'3',5873,5874,5875,5876,5877,5878,4735,5879,5880,5103,5881,5882
4,400,'1',5883,5884,312,3204,4941,1616,5885,3249,4916,5116,81,5886,5887,3650,3823,5343,3499,5888,5889,4418,1522,5890,5891,5892,4569,5410,1865,5893,5894,3174,5895,430,5896,5897
4,400,'2',5213,5898,5899,5900,5901,5902,5903,5904,4936,5905,5906,5907,5908,5319,5909,5910,4749
4,400,'3',5911,3767,5912,5913,5914,5915,5916,5917,5918,2570,5919,4618
4,401,'1',5920,5921,5922,5923,2577,4751,1846,693,4162,4597,4710,3252,931,4756,5924,5925,5926,5927,4023,5928,5929,247,5930,5931,5932,5933,5934,5935,5936,419,2119,3738,5937,5938
4,401,'2',5939,5940,5941,5942,5943,5944,5945,5946,5947,4970,5948,4244,5949,5950,4202,5951
4,401,'3',5952,5953,4302,5954,5955,5127,5956,5957,5958,5959,5960,5961,4963
5,500,'1',4157,3898,192,3741,5962,5963,5964,5965,5326,5044,2837,4942,5199,4161,5966,4541,4209,5149,5150,5967,402,4395,5968,2207,5331,4851,5969,5970,5402,5971,5972,5973,3910,3745,2664,5974,5975,5976,5153,5977,5978,5979,5980,5981,4980,5982,4981,5983,4254,5984,5985,5986,5268,5987,5988,5989,5990,3967,5991,2259,3824,5992,5993,5994,5995,5996,5997,2521,5998,5999,6000,6001,6002,6003,6004,6005,6006,6007,6008,6009,4565,6010,4606,3114,3784,2098,3662,1286,1982,5409,6011,343,4116,6012,3733,2375,4117,3964,4986,6013,5156,6014,6015,262,1929,5063,4666,6016,4293,4040,6017,1535,6018,5277,6019,4434,2223
5,500,'2',6020,6021,6022,6023,6024,6025,6026,6027,5169,5307,6028,6029,5370,6030,6031,4881,6032,4143,6033,4741,6034,6035,6036,6037,6038,6039,6040,6041,4241,6042,6043,6044,6045,6046,6047,6048,6049,6050,6051,6052,6053,6054,3758,6055,6056,6057,6058,4079,6059,6060,6061,6062,6063,6064,6065,4379,6066,4246,4707,6067,6068,6069,4206,6070
5,500,'3',6071,6072,6073,6074,6075,6076,6077,6078,6079,4044,6080,4989,6081,6082,4957,6083,6084,6085,6086,5128,6087,6088,6089,6090,6091,6092,6093,6094,3339,6095,6096,6097,593,6098,6099,6100,4056,6101,5239,6102,6103,6104,6105,6106,6107,6108,6109,6110,6111,6112,6113
5,501,'1',6114,5271,3455,6115,6116,2659,6117,1905,6118,1668,6119,6120,2347,4849,5279,6121,6122,6123,6124,6125,6126,1731,2976,6127,6128,5336,6129,6130,6131,6132,4095,4638,5266,3254,84,6133,1681,6134,4407,2593,6135,6136,6137,724,3782,4917,2986,6138,1217,4640,6139,6140,3569,3259,6141,4412,6142,6143,4107,2725,4918,1117,6144,6145,6146,6147,6148,6149,6150,6151,2520,6152,6153,2670,6154,6155,6156,6157,6158,4718,6159,6160,6161,6162,6163,6164,4642,6165,6166,4034,4680,4427,2111,6167,2374,2273,6168,2487,6169,6170,5192,4571,6171,6172,1129,4764,6173,2875,2876,1808,265,3011,4659,5157
5,501,'2',6174,6175,6176,6177,6178,6179,4138,6180,6181,6182,6183,6184,6185,4144,6186,6187,6188,6189,6190,6191,2893,6192,6193,6194,6195,6196,6197,6198,6199,4358,6200,4148,6201,6202,6203,6204,6205,6206,4197,6207,6208,6209,6210,6211,6212,6213,6214,6215,6216,6217,6218,5113,6219,6220,6221,6222,3055,6223,6224,6225,6226,4915,6227,6228,6229
5,501,'3',6230,6231,6232,6233,6234,6235,6236,6237,2936,6238,6239,6240,6241,6242,6243,6244,6245,6246,4456,6247,6248,6249,6250,6251,4313,6252,6253,6254,6255,6256,6257,275,6258,6259,4467,6260,6261,6262,6263,6264,6265,6266,6267,6268,6269,6270,6271,6272,6273,4058,6274
6,600,'1',5007,5390,6275,467,3104,6276,4654,6277,6278,6279,6280,545,3810,5123,2989,6281,6282,6283,4892,6284,6285,6286,6287,6288,1924,4657,6289,6290,6291,4866
6,600,'2',4477,6292,6293,6294,4481,6295,6296,6297,6298,4354,6299,6300,6301
6,600,'3',4766,6302,4230,6303,6304,6305,6306,4315,6307,6308,6309,6310
6,601,'1',2713,4632,5270,6311,1841,6312,6313,6314,933,6315,4891,4214,6316,1917,5345,6317,6318,6319,6320,6321,6322,5183,6323,337,6324,4221,6325,1524,6326,4120
6,601,'2',6327,4186,4193,6328,6329,6330,6331,6332,2820,6333,4084,6334,3514
6,601,'3',6335,6336,4872,6337,4311,5358,6338,6339,6340,6341,6342,6343
10,1000,'1',6344,6345,6346,702,3744,6347,6348,6349,6350,1283,116,6351,1926,6352
10,1001,'1',2575,6353,6354,6355,6356,6357,2854,6358,6359,6360,4118,6361,6362,4725
11,1100,'1',6363,6364,3817,6365,2862,4984,4110,4420,1142,6366,4430,6367,778,779,2122,2613,6368
11,1101,'1',4388,6369,6370,2982,4650,5015,6371,6372,6373,5232,2270,3263,6374,6375,6376,2878
12,1200,'1',6377,4160,6378,3463,2515,6379,6380,6381,4864,2171,4169,6382,6383,6384
12,1201,'1',6385,6386,6387,6388,2802,3620,6389,6390,6391,2268,975,4417,6392,6393,5186,6394
13,1300,'1',4087,6395,6396,2576,3900,6397,3527,6398,5125,6399,4092,5254,5255,6400,4978,6401,6402,4020,1271,722,6403,4022,1734,6404,6405,6406,739,6407,6408,2604,6409,6410,4719,6411,5198,6412,4425,6413,3667,4121,4432,2880
13,1300,'2',6414,6415,5074,4788,5172,6416,6417,6418,6419,6420,6421,6422,6423,6424,6425,6426
13,1300,'3',6427,1812,6428,4228,6429,6430,6431,6432,6433,6434,6435,6436,6437
13,1301,'1',5389,6438,6439,6440,6441,202,6442,4652,6443,4653,321,2462,4544,6444,2027,6445,6446,4649,4979,6447,5273,6448,4561,6449,4289,6450,6451,6452,6453,6454,6455,6456,4031,6457,6458,6459,5024,6460,6461
13,1301,'2',6462,6463,6464,6465,4142,4067,6466,6467,6468,6469,6470,6471,6472,6473,6474,6475
13,1301,'3',6476,6477,6478,5029,6479,4468,6480,6481,6482,6483,6484,6485
14,1400,'1',6486,5179,1047,6487,1617,4013,5148,6488,6489,6490,708,6491,3347,6492,2212,5052,6493,6494,6495,2778,6496,3627,6497,6498,6499,6500,6501,6502,6503,4567,5021,6504,6505,4656,6506,5058,2121,6507
14,1400,'2',6508,6509,6510,4586,6511,6512,6513,4066,6514,6515,6516,6517,6518,6519,6520,6521,881,3508,6522,6523,6524,6525,6526,6527,6528,6529
14,1400,'3',6530,6531,6532,6533,6534,6535,5350,6536,6537,6538,6539,6540,6541,6542,3097,6543,6544,6545,6546,6547,6548,6549
14,1401,'1',4384,6550,681,2106,5226,4014,6551,4542,6552,6553,5400,6554,6555,6556,6557,1111,6558,6559,236,6560,5202,5258,6561,747,4651,6562,6563,6564,6565,4721,2729,5057,6566,5203,6567,3739,781,6568,789,3576
14,1401,'2',4781,6569,6570,3312,6571,6572,2885,4486,6573,6574,6575,6576,6577,6578,6579,6580,6581,6582,6583,6584,6585,6586,2911,2789,6587,6588,5320,6589
14,1401,'3',6590,6591,6592,6593,6594,6595,4232,6596,6597,4924,5132,6598,6599,6600,6601,6602,6603,6604,6605,4616,5100,6606,6607,6608
15,1500,'1',4633,4089,6609,6610,6611,1510,3833,6612,4101,1184,6613,2992,1580,6614,6615,6616,6617,6618,6619,6620,4260,2732,4572,6621,4436
15,1500,'2',6622,6623,6624,6625,6626,6627,6628,6629,6630,6631,6632,6633,6634
15,1500,'3',6635,6636,6637,6638,6639,6640,6641,6642,6643,3978,6644,4619
15,1501,'1',6645,4536,690,4387,6646,6647,1421,4252,6648,6649,4019,5151,6650,6651,6652,6653,6654,6655,6656,6657,4035,6658,6659,6660,6661,1638
15,1501,'2',6662,6663,6664,6665,6666,6667,6668,6669,6670,6671,4590,5384,2072,4205
15,1501,'3',6672,6673,5158,5354,6674,6675,6676,6677,6678,4876,4697,4332
18,1800,'1',6679,2578,6680,2584,3841,6681,3779,4093,6682,2589,5051,6683,3431,2855,6684,104,4557,4982,4102,6685,2032,6686,6687,6688,1523,3181,5060,126,6689,6690
18,1800,'2',6691,4967,6692,5040,4191,6693,6694,6695,6696,6697,6698,6699,6700
18,1800,'3',6701,6702,6703,6704,6705,6706,6707,6708,6709,6710,6711,6712
18,1801,'1',6713,6714,1667,6715,917,1326,6716,5194,3911,328,1912,3196,6717,235,6718,6719,6720,6721,6722,4760,4685,1124,6723,3199,2809,5188,5190,4292,6724
18,1801,'2',6725,6726,1707,6727,6728,6729,6730,6731,1093,6732,6733,4792,6734
18,1801,'3',6735,6736,2757,6737,5028,6738,6739,6740,6741,6742,6743,6744
19,1900,'1',6745,4158,6746,6747,3696,4249,6748,6749,5088,6750,3186,4713,6751,2514,4889,6752,6753,3966,6754,4105,6755,1860,108,6756,6757,6758,6759,6760,1630,6761,420,6762,2870,771,6763,2170,6764
19,1900,'2',6765,6766,6767,6768,6769,6770,6771,5143,5041,6772,5146,6773,6774,5006
19,1900,'3',6775,6776,6777,6778,6779,6780,6781,6782,6783,6784,6785,6786
19,1901,'1',6787,6788,3901,6789,6790,6791,1503,2081,6792,1264,6793,6794,3699,6795,4410,6796,3599,5259,6797,6798,6799,6800,6801,6802,6803,6804,6805,6806,1166,6807,2671,998,1068,5062,4171,6808,2102,6809
19,1901,'2',1384,4480,6810,6811,6812,6813,6814,6815,3366,2743,6816,6817,6818,4630
19,1901,'3',6819,6820,6821,6822,6823,6824,4466,6825,6826,4925,6827,4326
20,2000,'1',4008,6828,2450,2843,6829,4888,4712,4951,542,224,6830,6831,1150,6832,2601,6833,6834,6835,6836,6837,6838,251,6839,6840,4426,6841,6842,1069,5023
20,2000,'2',6843,4998,3858,6844,5368,6845,6846,6847,6848,1041,6849,4938,6850
20,2000,'3',6851,3067,5204,6852,6853,6854,6855,6856,6857,6858,4324,6859
20,2001,'1',2341,195,682,6860,6861,1848,6862,6863,4949,6864,6865,2853,6866,4559,6867,6868,3466,3142,4108,6869,6870,6871,6872,4257,6873,4114,6874,4677,1203,3504
20,2001,'2',2679,6875,6876,6877,6878,6879,6880,3477,4363,6881,6882,5220,6883,6884,6885
20,2001,'3',6886,4042,6887,4730,6888,6889,4577,6890,6891,6892,6893,3981
26,2600,'1',1000
26,2601,'1',6894
28,2800,'1',6895,6896,1323,3105,2503,3742,6897,5227,3908,2517,6898,4216,6899,4665,6900,2775,3257,244,6901,6902,6903,6904,6905,1800,6906,6907,6908,2120,2377,6909,1694
28,2800,'2',6910,3308,6911,6912,6913,4968,6914,4360,6915,4591,6916,6917,4278,6918
28,2800,'3',6919,5283,6920,6921,6922,4816,6923,6924,6925,6926,2954,6927,6928
28,2801,'1',4973,196,2658,4385,4386,2580,2839,1511,2774,6929,6930,6931,6932,6933,6934,6935,6936,6937,6938,6939,6940,4223,5275,6941,6942,5095,6943,5263,6944,4723
28,2801,'2',6945,6946,4905,6947,6948,6949,6950,4190,6951,6952,6953,6954,6955,6956
28,2801,'3',6957,4299,6958,6959,6960,5356,6961,6962,6963,6964,6965,6966,6967
34,3400,'1',210,936,4670,4552,6968,6969,6970,241,6971,6972
34,3401,'1',6973,1671,6974,2720,6975,4601,6976,6977,6978,4173
37,3700,'1',4530,6979,1103,6980,6981,2512,5200,6982,5231,6983,4167,4759,6984,2371,6985,6986,5276,2376,6987,6988,6989,4123
37,3700,'2',6990,6991,6992,6993,6994,6995,3316,6996,6997,6998,6999,7000,7001,7002,7003
37,3700,'3',7004,7005,7006,7007,5206,7008,7009,7010,7011,7012,3138,7013
37,3701,'1',7014,2203,4945,7015,4210,4975,718,3169,7016,7017,4717,7018,7019,7020,7021,7022,2497,7023,4643,7024,2526,7025,7026,7027
37,3701,'2',7028,7029,7030,7031,7032,7033,7034,634,7035,7036,7037,7038,3276,7039,7040
37,3701,'3',4179,7041,7042,7043,7044,7045,7046,7047,7048,7049,7050,7051
71,7100,'1',7052,469,7053
71,7101,'1',7054,3497,7055,4036
80,8000,'1',4635,7056
80,8001,'1',4411,7057
82,8201,'1',1133
83,8300,'1',7058,7059,5155
83,8301,'1',7060,7061,7062
84,8400,'1',7063
84,8401,'1',7064
86,8600,'1',472,7065,7066
86,8601,'1',7067
120,12000,'1',59,7068,7069,4664,1340,7070,7071,3850,7072,7073,1928,7074,132,7075
120,12001,'1',5278,193,7076,7077,3459,7078,5337,7079,7080,4562,7081,4893,7082,4607
190,19000,'1',7083,7084,2528
190,19001,'1',1962,7085,5056
10014,1001400,'1',3837,7086,7087,7088,4943,7089,7090,4012,3840,5272,4711,3253,4754,7091,4094,4545,4098,5122,4716,5053,1517,4106,414,7092,5154,7093,7094,7095,7096,7097,2481,5019,2522,3661,1152,4419,7098,7099,7100,7101,1981,7102,7103,4172,1872
10014,1001400,'2',7104,7105,7106,7107,7108,7109,7110,7111,7112,7113,5138,7114,7115,5002,7116,7117,7118,7119,43,4840,7120,7121,7122,7123,7124,7125,7126,7127,7128,7129,7130,7131,7132
10014,1001400,'3',7133,7134,7135,7136,5068,7137,7138,7139,4960,7140,7141,7142,5131,7143,7144,7145,7146,7147,7148,7149,4995,7150,7151,7152
10014,1001401,'1',4634,7153,7154,3140,4944,4709,7155,7156,3832,7157,4399,5404,5335,3404,7158,7159,7160,2233,7161,2983,7162,7163,7164,3848,2091,2363,3920,7165,7166,7167,7168,7169,7170,7171,3187,5020,7172,7173,7174,258,7175,4813,7176,2677,7177,7178,4867
10014,1001401,'2',7179,7180,7181,7182,7183,7184,7185,5306,7186,7187,7188,7189,7190,7191,7192,7193,7194,7195,5312,7196,7197,7198,4505,7199,7200,7201,7202,7203,7204,5042,7205,5322,7206,5224,7207
10014,1001401,'3',2927,7208,4988,7209,7210,7211,4734,7212,7213,7214,7215,7216,7217,4131,7218,7219,7220,7221,7222,7223,7224,7225,7226,7227,7228
10037,1003701,'1',4847,7229
10081,1008101,'1',1868
10086,1008601,'1',7230
20081,2008101,'1',4672
20086,2008601,'1',2117,7231,7232
140080,14008000,'1',1743
140080,14008001,'1',4033
140081,14008101,'1',1105,1628
190081,19008101,'1',7233
