100,'1',602,,5441,1,,,0,10,,5465,1,,,0,8,,5427,5,0,54 57,0,10,,5416,5,0,54 57,0,10,,5455,5,0,54 57,0,10,,5094,5,0,54 57,0,50,,5496,5,0,54 57,0,10,,5435,5,0,54 57,0,10,,5504,5,0,54 57,0,10,,122,5,0,54 57,0,10,,5423,5,0,54 57,0,10,,4097,5,0,54 57,0,50,,5439,5,0,54 57,0,10,,5414,5,0,54 57,0,10,,5182,5,0,54 57,0,10,,5502,5,0,54 57,0,10,,4574,5,0,54 57,0,10,,5474,5,0,54 57,0,50,,5426,5,0,54 57,0,10,,5450,5,0,54 57,0,10,,5491,5,0,54 57,0,10,,1278,5,0,54 57,0,10,,427,5,0,54 57,0,15,,5451,5,0,54 57,0,55,,5430,5,0,54 57,0,15,,4531,5,0,54 57,0,15,,5493,5,0,54 57,0,15,,5429,5,0,54 57,0,55,,2243,5,0,54 57,0,15,,5119,5,0,54 57,0,15,,4288,5,0,54 57,0,15,,5480,5,0,54 57,0,55,,5424,5,0,54 57,0,15,,3139,5,0,54 57,0,15,,5454,5,0,54 57,0,15,,5498,5,0,54 57,0,55,,5444,5,0,54 57,0,15,,3534,5,0,54 57,0,15,,1055,5,0,54 57,0,15,,5494,5,0,54 57,0,55,,5467,5,0,54 57,0,10,,4863,5,0,54 57,0,20,,5468,5,0,54 57,0,10,,5413,5,0,54 57,0,60,,4548,5,0,54 57,0,10,,4392,5,0,54 57,0,20,,1438,5,0,54 57,0,10,,2361,5,0,54 57,0,50,,5443,5,0,54 57,0,10,,5452,5,0,54 57,0,10,,3349,5,0,54 57,0,10,,5503,5,0,54 57,0,10,,5189,5,0,54 57,0,10,,5459,5,0,54 57,0,50,,3177,5,0,54 57,0,10,,1807,5,0,54 57,0,10,,4109,5,0,54 57,0,10,,743,5,0,54 57,0,10,,1988,5,0,54 57,0,10,,4021,5,0,54 57,0,50,,5438,5,0,54 57,0,10,,1342,5,0,54 57,0,10,,5008,5,0,54 57,0,10,,5344,5,0,54 57,0,10,,5470,5,0,54 57,0,10,,5492,5,0,54 57,0,50,,4683,5,0,54 57,0,10,,5488,5,0,54 57,0,10,,5433,5,0,54 57,0,10,,5421,5,0,54 57,0,20,,5463,5,0,54 57,0,70,,5482,5,0,54 57,0,30,,5475,5,0,54 57,0,70,,5464,5,0,54 57,0,30,,5471,5,0,54 57,0,70,,3291,5,0,54 57,0,30,,4088,5,0,54 57,0,70,,5461,5,0,54 57,0,30,,5418,5,0,54 57,0
100,'2',721,,5000,5,0,54 57,0,29,,4878,5,0,54 57,0,70,,5548,5,0,54 57,0,30,,5511,5,0,54 57,0,70,,4492,5,0,54 57,0,30,,5520,5,0,54 57,0,70,,4491,5,0,54 57,0,30,,5506,5,0,54 57,0,70,,5556,5,0,54 57,0,30,,5043,5,0,54 57,0,70,,4589,5,0,54 57,0,30,,4355,5,0,54 57,0,70,,5552,5,0,54 57,0,30,,5537,5,0,54 57,0,70,,3233,5,0,54 57,0,30,,5534,5,0,54 57,0,70,,5507,5,0,54 57,0,30,,5547,5,0,54 57,0,70,,2680,5,0,54 57,0,30,,5527,5,0,54 57,0,70,,5523,5,0,54 57,0,30,,5544,5,0,54 57,0,70,,5505,5,0,54 57,0,30,,5508,5,0,54 57,0,70,,5528,5,0,54 57,0,30,,5540,5,0,54 57,0,70,,5512,5,0,54 57,0,30,,5531,5,0,54 57,0,70,,5522,5,0,54 57,0,30,,5555,5,0,54 57,0,70,,4151,5,0,54 57,0,30,,5542,5,0,54 57,0,70,,5518,5,0,54 57,0,30,,5545,5,0,54 57,0
100,'3',821,,5567,5,0,54 57,0,29,,5580,5,0,54 57,0,70,,5557,5,0,54 57,0,30,,5571,5,0,54 57,0,70,,5579,5,0,54 57,0,30,,5581,5,0,54 57,0,70,,5576,5,0,54 57,0,30,,3969,5,0,54 57,0,70,,4234,5,0,54 57,0,30,,5568,5,0,54 57,0,70,,5561,5,0,54 57,0,30,,5592,5,0,54 57,0,70,,5578,5,0,54 57,0,30,,5565,5,0,54 57,0,70,,5573,5,0,54 57,0,30,,5588,5,0,54 57,0,70,,4296,5,0,54 57,0,30,,5595,5,0,54 57,0,70,,5558,5,0,54 57,0,30,,4057,5,0,54 57,0,70,,4765,5,0,54 57,0,30,,5596,5,0,54 57,0,70,,5589,5,0,54 57,0,30,,5572,5,0,54 57,0,70,,3982,5,0,54 57,0
101,'1',605,,5653,14,,,0,10,,3302,14,,,0,10,,2999,14,,,0,10,,5600,14,,,0,10,,5639,14,,,0,10,,5677,14,,,0,50,,5633,14,,,0,10,,4564,14,,,0,10,,2263,14,,,0,10,,5603,14,,,0,10,,5622,14,,,0,10,,3191,14,,,0,50,,5637,14,,,0,10,,5642,14,,,0,10,,5641,14,,,0,10,,5640,14,,,0,10,,5676,14,,,0,10,,4810,14,,,0,50,,5613,14,,,0,10,,1915,14,,,0,10,,4802,14,,,0,10,,986,14,,,0,20,,5598,14,,,0,50,,1418,14,,,0,20,,2581,14,,,0,10,,4811,14,,,0,20,,2265,14,,,0,55,,5649,14,,,0,15,,5411,14,,,0,15,,5606,14,,,0,15,,5627,14,,,0,55,,5657,14,,,0,15,,5618,14,,,0,15,,2673,14,,,0,15,,5597,14,,,0,55,,5644,14,,,0,15,,5624,14,,,0,15,,713,14,,,0,15,,5610,14,,,0,50,,5623,14,,,0,20,,5628,14,,,0,10,,5672,14,,,0,20,,5671,14,,,0,50,,5607,14,,,0,20,,5669,14,,,0,10,,5675,14,,,0,10,,2987,14,,,0,10,,5017,14,,,0,50,,1059,14,,,0,10,,5648,14,,,0,10,,5643,14,,,0,10,,403,14,,,0,10,,5634,14,,,0,10,,5656,14,,,0,50,,2716,14,,,0,10,,5615,14,,,0,10,,5678,14,,,0,10,,4422,14,,,0,10,,5625,14,,,0,10,,5635,14,,,0,50,,4948,14,,,0,10,,3749,14,,,0,10,,4637,14,,,0,10,,2669,14,,,0,10,,3566,14,,,0,10,,2971,14,,,0,50,,5602,14,,,0,10,,3004,14,,,0,20,,5061,14,,,0,70,,5629,14,,,0,30,,4575,14,,,0,70,,2714,14,,,0,30,,5621,14,,,0,70,,981,14,,,0,30,,3212,14,,,0,70,,5614,14,,,0,30,,5638,14,,,0,65,,5664,27,4,,0
101,'2',705,,5037,14,,,0,27,,4513,14,,,0,70,,5708,14,,,0,30,,5707,14,,,0,70,,5710,14,,,0,30,,5701,14,,,0,70,,4366,14,,,0,30,,5082,14,,,0,70,,5691,14,,,0,30,,5721,14,,,0,70,,5692,14,,,0,30,,4280,14,,,0,70,,5720,14,,,0,30,,5715,14,,,0,70,,5714,14,,,0,30,,5315,14,,,0,70,,5725,14,,,0,30,,5695,14,,,0,70,,5685,14,,,0,30,,4529,14,,,0,70,,5728,14,,,0,30,,5687,14,,,0,70,,4626,14,,,0,30,,5722,14,,,0,70,,5712,14,,,0,30,,5718,14,,,0,70,,5700,14,,,0,30,,5696,14,,,0,70,,5680,14,,,0,30,,5717,14,,,0,70,,5681,14,,,0,30,,5698,14,,,0,70,,5684,14,,,0,30,,5703,14,,,0,26,,5733,27,4,,0
101,'3',805,,5736,14,,,0,27,,5743,14,,,0,70,,5753,14,,,0,30,,5755,14,,,0,70,,5740,14,,,0,30,,5738,14,,,0,70,,4991,14,,,0,30,,5761,14,,,0,70,,5768,14,,,0,30,,5756,14,,,0,70,,5739,14,,,0,30,,5766,14,,,0,70,,3691,14,,,0,30,,5741,14,,,0,70,,5751,14,,,0,30,,4267,14,,,0,70,,5745,14,,,0,30,,5070,14,,,0,70,,5737,14,,,0,30,,4770,14,,,0,70,,5771,14,,,0,30,,5734,14,,,0,70,,5752,14,,,0,30,,5746,14,,,0,70,,5754,14,,,0
500,'1',556,,5974,1,0,8 7 1 9,0,62,,1535,18,4,,0,21,,6015,18,4,,0,15,,4157,18,4,,0,59,,5999,18,4,,0,11,,4161,18,4,,0,15,,5402,18,4,,0,15,,5156,18,4,,0,55,,6019,18,4,,0,12,,6000,18,4,,0,3,,3745,1,0,8 7 1 9,0,13,,6016,18,4,,0,4,,5326,1,0,8 7 1 9,0,15,,5977,18,4,,0,44,,5199,1,0,8 7 1 9,0,11,,6005,18,4,,0,4,,5277,1,0,8 7 1 9,0,5,,4293,18,4,,0,4,,5993,1,0,8 7 1 9,0,11,,4209,18,4,,0,4,,402,1,0,8 7 1 9,0,11,,6014,18,4,,0,4,,4117,1,0,8 7 1 9,0,51,,6004,18,4,,0,14,,5972,18,4,,0,4,,5996,1,0,8 7 1 9,0,16,,5973,18,4,,0,20,,5991,18,4,,0,44,,5962,1,0,8 7 1 9,0,13,,4942,18,4,,0,4,,6002,1,0,8 7 1 9,0,16,,4541,18,4,,0,4,,5987,1,0,8 7 1 9,0,16,,5149,18,4,,0,44,,6011,1,0,8 7 1 9,0,17,,4254,18,4,,0,3,,3741,1,0,8 7 1 9,0,16,,6001,18,4,,0,4,,6017,1,0,8 7 1 9,0,16,,5982,18,4,,0,44,,5150,1,0,8 7 1 9,0,16,,5978,18,4,,0,4,,5992,1,0,8 7 1 9,0,16,,4986,18,4,,0,4,,5970,1,0,8 7 1 9,0,16,,6006,18,4,,0,44,,5981,1,0,8 7 1 9,0,16,,6007,18,4,,0,4,,5971,1,0,8 7 1 9,0,16,,5994,18,4,,0,4,,2223,1,0,8 7 1 9,0,16,,5979,18,4,,0,44,,5966,1,0,8 7 1 9,0,16,,5995,18,4,,0,4,,4851,1,0,8 7 1 9,0,15,,3733,18,4,,0,5,,5967,1,0,8 7 1 9,0,15,,6010,18,4,,0,4,,192,1,0,8 7 1 9,0,62,,5975,18,4,,0,18,,2259,18,4,,0,12,,4040,18,4,,0,3,,2375,1,0,8 7 1 9,0,55,,5998,18,4,,0,15,,5983,18,4,,0,15,,1929,18,4,,0,12,,3784,18,4,,0,58,,5964,18,4,,0,15,,5409,18,4,,0,15,,5980,18,4,,0,15,,1982,18,4,,0,55,,5976,18,4,,0,4,,4981,1,0,8 7 1 9,0,11,,3967,18,4,,0,4,,3910,1,0,8 7 1 9,0,7,,2664,18,4,,0,4,,4434,1,0,8 7 1 9,0,11,,5331,18,4,,0,4,,5989,1,0,8 7 1 9,0,51,,5968,18,4,,0,4,,3662,1,0,8 7 1 9,0,8,,5986,18,4,,0,3,,6018,1,0,8 7 1 9,0,24,,6013,18,4,,0,3,,4565,1,0,8 7 1 9,0,64,,2098,18,4,,0,6,,6009,1,0,8 7 1 9,0,28,,5153,18,4,,0,2,,5044,1,0,8 7 1 9,0,70,,4116,18,4,,0,1,,5268,1,0,8 7 1 9,0,23,,4980,18,4,,0,6,,5963,1,0,8 7 1 9,0,64,,343,18,0,10,0,30,,4666,18,4,,0,67,,2521,18,4,,0
500,'2',718,,6062,18,4,,0,1,,6033,1,0,8 7 1 9,0,25,,6063,18,4,,0,1,,6059,1,0,8 7 1 9,0,68,,6028,18,4,,0,1,,6029,1,0,8 7 1 9,0,29,,6058,18,4,,0,1,,4079,1,0,8 7 1 9,0,69,,6050,18,4,,0,1,,4881,1,0,8 7 1 9,0,29,,6037,18,4,,0,1,,6066,1,0,8 7 1 9,0,69,,6038,18,4,,0,1,,6024,1,0,8 7 1 9,0,29,,6049,18,4,,0,1,,5169,1,0,8 7 1 9,0,69,,4206,18,4,,0,1,,6055,1,0,8 7 1 9,0,29,,6032,18,4,,0,1,,6053,1,0,8 7 1 9,0,69,,6043,18,4,,0,1,,4741,1,0,8 7 1 9,0,29,,6069,18,4,,0,1,,6046,1,0,8 7 1 9,0,69,,6056,18,4,,0,1,,6020,1,0,8 7 1 9,0,29,,6027,18,4,,0,1,,6045,1,0,8 7 1 9,0,69,,6023,18,4,,0,1,,6041,1,0,8 7 1 9,0,29,,6031,18,4,,0,1,,6047,1,0,8 7 1 9,0,69,,6064,18,4,,0,1,,4246,1,0,8 7 1 9,0,29,,4241,18,4,,0,1,,5307,1,0,8 7 1 9,0,69,,5370,18,4,,0,1,,6035,1,0,8 7 1 9,0,29,,6054,18,4,,0,1,,6060,1,0,8 7 1 9,0,69,,4379,18,4,,0,1,,4143,1,0,8 7 1 9,0,29,,6042,18,4,,0,1,,6039,1,0,8 7 1 9,0,69,,6021,18,4,,0,1,,6022,1,0,8 7 1 9,0,29,,6044,18,4,,0,1,,6057,1,0,8 7 1 9,0,69,,3758,18,4,,0,1,,6061,1,0,8 7 1 9,0,29,,6030,18,4,,0,1,,6036,1,0,8 7 1 9,0,69,,4707,18,4,,0,1,,6065,1,0,8 7 1 9,0,29,,6070,18,4,,0,1,,6034,1,0,8 7 1 9,0,69,,6051,18,4,,0,1,,6048,1,0,8 7 1 9,0,29,,6067,18,4,,0,1,,6040,1,0,8 7 1 9,0,69,,6025,18,4,,0,1,,6068,1,0,8 7 1 9,0,103,,6026,18,0,10,0,96,,6052,18,4,,0
500,'3',749,,6075,1,0,8 7 1 9,0,69,,6092,18,4,,0,2,,6101,1,0,8 7 1 9,0,24,,6088,18,4,,0,4,,6071,1,0,8 7 1 9,0,65,,5128,18,4,,0,5,,6086,1,0,8 7 1 9,0,25,,6079,18,4,,0,5,,6099,1,0,8 7 1 9,0,65,,6111,18,4,,0,5,,6089,1,0,8 7 1 9,0,25,,6103,18,4,,0,5,,4044,1,0,8 7 1 9,0,65,,6091,18,4,,0,5,,6072,1,0,8 7 1 9,0,25,,6105,18,4,,0,5,,6083,1,0,8 7 1 9,0,65,,6102,18,4,,0,5,,6093,1,0,8 7 1 9,0,25,,6096,18,4,,0,5,,6078,1,0,8 7 1 9,0,65,,6080,18,4,,0,5,,3339,1,0,8 7 1 9,0,25,,6104,18,4,,0,5,,6108,1,0,8 7 1 9,0,65,,6090,18,4,,0,5,,6106,1,0,8 7 1 9,0,25,,6098,18,4,,0,5,,593,1,0,8 7 1 9,0,65,,6082,18,4,,0,5,,6073,1,0,8 7 1 9,0,25,,6077,18,4,,0,5,,4056,1,0,8 7 1 9,0,65,,6085,18,4,,0,5,,4989,1,0,8 7 1 9,0,25,,4957,18,4,,0,5,,6110,1,0,8 7 1 9,0,65,,6087,18,4,,0,5,,6100,1,0,8 7 1 9,0,25,,6094,18,4,,0,5,,6095,1,0,8 7 1 9,0,65,,6076,18,4,,0,5,,6107,1,0,8 7 1 9,0,25,,6097,18,4,,0,5,,6081,1,0,8 7 1 9,0,65,,6112,18,4,,0,5,,6109,1,0,8 7 1 9,0,25,,6113,18,4,,0,5,,5239,1,0,8 7 1 9,0,69,,6074,18,0,10,0,26,,6084,18,4,,0
501,'1',557,,4638,1,0,13 5 6 1 7,0,55,,1905,7,0,13 5 6 1 7,0,19,,6144,13,0,13 5 6 1 7,0,11,,6122,1,0,13 5 6 1 7,0,15,,84,1,0,13 5 6 1 7,0,55,,6158,1,0,13 5 6 1 7,0,15,,6129,1,0,13 5 6 1 7,0,12,,5192,1,0,13 5 6 1 7,0,16,,4918,1,0,13 5 6 1 7,0,59,,6150,1,0,13 5 6 1 7,0,15,,6143,1,0,13 5 6 1 7,0,13,,6142,1,0,13 5 6 1 7,0,15,,6165,1,0,13 5 6 1 7,0,55,,6152,1,0,13 5 6 1 7,0,15,,3254,1,0,13 5 6 1 7,0,12,,6136,27,4,,0,3,,2876,1,0,13 5 6 1 7,0,17,,265,27,4,,0,43,,1668,1,0,13 5 6 1 7,0,17,,6137,27,4,,0,3,,6170,1,0,13 5 6 1 7,0,17,,3455,1,0,13 5 6 1 7,0,20,,6135,1,0,13 5 6 1 7,0,60,,6133,1,0,13 5 6 1 7,0,17,,2520,27,4,,0,4,,4764,1,0,13 5 6 1 7,0,19,,6149,1,0,13 5 6 1 7,0,57,,6157,27,4,,0,3,,6115,1,0,13 5 6 1 7,0,20,,6118,1,0,13 5 6 1 7,0,16,,5336,27,4,,0,4,,2725,1,0,13 5 6 1 7,0,56,,6155,27,4,,0,4,,6120,1,0,13 5 6 1 7,0,20,,6130,1,0,13 5 6 1 7,0,20,,6119,1,0,13 5 6 1 7,0,60,,4571,1,0,13 5 6 1 7,0,20,,5271,1,0,13 5 6 1 7,0,15,,2670,1,0,13 5 6 1 7,0,60,,6123,1,0,13 5 6 1 7,0,20,,3782,27,4,,0,6,,6161,1,0,13 5 6 1 7,0,12,,6148,27,4,,0,3,,4680,1,0,13 5 6 1 7,0,52,,6145,1,0,13 5 6 1 7,0,15,,4412,27,4,,0,3,,5266,1,0,13 5 6 1 7,0,12,,6162,27,4,,0,3,,6128,1,0,13 5 6 1 7,0,12,,6121,27,4,,0,3,,2593,1,0,13 5 6 1 7,0,52,,1808,1,0,13 5 6 1 7,0,15,,6166,27,4,,0,3,,4407,1,0,13 5 6 1 7,0,12,,2875,27,4,,0,3,,6160,1,0,13 5 6 1 7,0,15,,6117,1,0,13 5 6 1 7,0,55,,2487,1,0,13 5 6 1 7,0,15,,2347,1,0,13 5 6 1 7,0,15,,6159,1,0,13 5 6 1 7,0,15,,3569,1,0,13 5 6 1 7,0,52,,6131,27,4,,0,3,,3011,1,0,13 5 6 1 7,0,15,,6139,1,0,13 5 6 1 7,0,12,,4034,1,0,13 5 6 1 7,0,70,,2374,1,0,13 5 6 1 7,0,27,,1129,1,0,13 5 6 1 7,0,74,,5279,1,0,13 5 6 1 7,0,26,,6146,27,4,,0,5,,2659,1,0,13 5 6 1 7,0,65,,1217,1,0,13 5 6 1 7,0,30,,3259,1,0,13 5 6 1 7,0,70,,6151,1,0,13 5 6 1 7,0,27,,4718,1,0,13 5 6 1 7,0,73,,6156,27,4,,0
501,'2',642,,6212,1,0,13 5 6 1 7,0,66,,6190,1,0,13 5 6 1 7,0,25,,6210,27,4,,0,4,,6201,1,0,13 5 6 1 7,0,66,,6175,27,4,,0,4,,6183,1,0,13 5 6 1 7,0,26,,6225,27,4,,0,4,,6215,1,0,13 5 6 1 7,0,66,,6193,27,4,,0,4,,6203,1,0,13 5 6 1 7,0,26,,6209,27,4,,0,4,,5113,1,0,13 5 6 1 7,0,66,,6180,27,4,,0,4,,6178,1,0,13 5 6 1 7,0,26,,6216,27,4,,0,4,,4197,1,0,13 5 6 1 7,0,66,,6229,27,4,,0,4,,6197,1,0,13 5 6 1 7,0,26,,6184,27,4,,0,4,,6181,1,0,13 5 6 1 7,0,66,,6192,27,4,,0,4,,6218,1,0,13 5 6 1 7,0,26,,6223,27,4,,0,4,,6219,1,0,13 5 6 1 7,0,66,,6213,27,4,,0,4,,3055,1,0,13 5 6 1 7,0,26,,4138,27,4,,0,4,,6228,1,0,13 5 6 1 7,0,66,,4358,27,4,,0,4,,6214,1,0,13 5 6 1 7,0,26,,6199,27,4,,0,4,,6226,1,0,13 5 6 1 7,0,66,,6179,27,4,,0,4,,6204,1,0,13 5 6 1 7,0,26,,6195,27,4,,0,4,,6224,1,0,13 5 6 1 7,0,66,,6207,27,4,,0,4,,6220,1,0,13 5 6 1 7,0,26,,6196,27,4,,0,4,,6211,1,0,13 5 6 1 7,0,66,,6200,27,4,,0,4,,4148,1,0,13 5 6 1 7,0,26,,2893,27,4,,0,4,,6208,1,0,13 5 6 1 7,0,66,,4144,27,4,,0,4,,6176,1,0,13 5 6 1 7,0,26,,6205,27,4,,0,4,,6217,1,0,13 5 6 1 7,0,66,,6182,27,4,,0,4,,6198,1,0,13 5 6 1 7,0,26,,6186,27,4,,0,4,,6189,1,0,13 5 6 1 7,0,66,,4915,27,4,,0,4,,6185,1,0,13 5 6 1 7,0,26,,6174,27,4,,0,4,,6202,1,0,13 5 6 1 7,0,66,,6227,27,4,,0,4,,6188,1,0,13 5 6 1 7,0,26,,6222,27,4,,0,4,,6206,1,0,13 5 6 1 7,0,96,,6177,27,4,,0,4,,6191,1,0,13 5 6 1 7,0,96,,6194,27,4,,0,4,,6187,1,0,13 5 6 1 7,0
501,'3',742,,4313,1,0,13 5 6 1 7,0,66,,6250,1,0,13 5 6 1 7,0,25,,6245,27,4,,0,4,,6248,1,0,13 5 6 1 7,0,66,,6230,27,4,,0,4,,6268,1,0,13 5 6 1 7,0,26,,6247,27,4,,0,4,,4058,1,0,13 5 6 1 7,0,66,,6264,27,4,,0,4,,6237,1,0,13 5 6 1 7,0,26,,6253,27,4,,0,4,,6244,1,0,13 5 6 1 7,0,66,,6265,27,4,,0,4,,6271,1,0,13 5 6 1 7,0,26,,6273,27,4,,0,4,,6236,1,0,13 5 6 1 7,0,66,,6266,27,4,,0,4,,6252,1,0,13 5 6 1 7,0,26,,6241,27,4,,0,4,,275,1,0,13 5 6 1 7,0,66,,6238,27,4,,0,4,,6269,1,0,13 5 6 1 7,0,26,,6267,27,4,,0,4,,6246,1,0,13 5 6 1 7,0,66,,6233,27,4,,0,4,,6249,1,0,13 5 6 1 7,0,26,,6262,27,4,,0,4,,6260,1,0,13 5 6 1 7,0,66,,6261,27,4,,0,4,,6257,1,0,13 5 6 1 7,0,26,,6272,27,4,,0,4,,6232,1,0,13 5 6 1 7,0,66,,6254,27,4,,0,4,,6258,1,0,13 5 6 1 7,0,26,,6234,27,4,,0,4,,6256,1,0,13 5 6 1 7,0,66,,6270,27,4,,0,4,,6243,1,0,13 5 6 1 7,0,26,,4467,27,4,,0,4,,6274,1,0,13 5 6 1 7,0,66,,6251,27,4,,0,4,,6242,1,0,13 5 6 1 7,0,26,,4456,27,4,,0,4,,6255,1,0,13 5 6 1 7,0,66,,6231,27,4,,0,4,,6240,1,0,13 5 6 1 7,0,26,,2936,27,4,,0,4,,6263,1,0,13 5 6 1 7,0,66,,6259,27,4,,0,4,,6239,1,0,13 5 6 1 7,0
1900,'1',642,,6751,44,4,,0,72,,6745,44,4,,0,28,,6746,44,4,,0,70,,6752,44,4,,0,31,,6758,44,4,,0,69,,4105,44,4,,0,27,,2170,44,4,,0,69,,6761,44,4,,0,24,,3186,44,4,,0,27,,6764,44,4,,0,69,,6759,44,4,,0,24,,3966,44,4,,0,67,,6753,44,4,,0,29,,6747,44,4,,0,64,,6763,44,4,,0,27,,6756,44,4,,0,69,,6755,44,4,,0,20,,6749,44,4,,0,31,,2514,44,4,,0,51,,4249,38,4,,0,21,,6748,44,4,,0,70,,6762,44,4,,0,27,,2870,44,4,,0,30,,6754,44,4,,0,70,,771,44,4,,0,27,,4713,44,4,,0,70,,6760,44,4,,0,30,,108,44,4,,0,67,,4158,44,4,,0,27,,4889,44,4,,0,67,,6757,44,4,,0,27,,1860,44,4,,0,70,,3696,44,4,,0,90,,420,44,4,,0,30,,5088,44,4,,0,90,,6750,44,4,,0,30,,1630,44,4,,0
1900,'2',812,,5146,44,4,,0,100,,6769,44,4,,0,100,,6771,44,4,,0,100,,6773,44,4,,0,100,,6768,44,4,,0,100,,6767,44,4,,0,100,,5143,44,4,,0,100,,6765,44,4,,0,100,,5041,44,4,,0,100,,6774,44,4,,0,100,,5006,44,4,,0,100,,6766,44,4,,0,100,,6770,44,4,,0,100,,6772,44,4,,0
1900,'3',912,,6779,44,4,,0,100,,6784,44,4,,0,100,,6783,44,4,,0,100,,6778,44,4,,0,100,,6782,44,4,,0,100,,6775,44,4,,0,100,,6781,44,4,,0,100,,6777,44,4,,0,100,,6776,44,4,,0,100,,6780,44,4,,0,100,,6785,44,4,,0,100,,6786,44,4,,0
1901,'1',556,,1068,1,,,0,54,,6790,1,,,0,34,,5062,1,,,0,71,,6806,1,,,0,32,,6809,1,,,0,70,,4410,1,,,0,31,,6804,1,,,0,69,,2671,1,,,0,27,,4171,1,,,0,69,,6795,1,,,0,24,,1166,1,,,0,67,,6793,1,,,0,29,,6800,1,,,0,24,,6799,1,,,0,67,,6787,1,,,0,29,,6808,1,,,0,60,,6796,1,,,0,31,,3699,1,,,0,69,,998,1,,,0,17,,2102,1,,,0,74,,6792,1,,,0,31,,6797,1,,,0,68,,6802,1,,,0,27,,1503,1,,,0,70,,1264,1,,,0,30,,6803,1,,,0,27,,3599,1,,,0,70,,6805,1,,,0,30,,6794,1,,,0,69,,2081,1,,,0,28,,3901,1,,,0,67,,5259,1,,,0,27,,6798,1,,,0,70,,6789,1,,,0,90,,6791,1,,,0,30,,6807,1,,,0,90,,6788,1,,,0
1901,'2',705,,6817,1,,,0,100,,6811,1,,,0,100,,6812,1,,,0,100,,6810,1,,,0,100,,6818,1,,,0,100,,4480,1,,,0,100,,1384,1,,,0,100,,6815,1,,,0,100,,4630,1,,,0,100,,6816,1,,,0,100,,6814,1,,,0,100,,2743,1,,,0,100,,6813,1,,,0,100,,3366,1,,,0
1901,'3',805,,4326,1,,,0,100,,6822,1,,,0,100,,6827,1,,,0,100,,6826,1,,,0,100,,6819,1,,,0,100,,6825,1,,,0,100,,4466,1,,,0,100,,6821,1,,,0,100,,6820,1,,,0,100,,4925,1,,,0,100,,6823,1,,,0,100,,6824,1,,,0
2000,'1',634,,4712,28,4,,0,75,,5023,28,4,,0,35,,6839,28,4,,0,75,,224,28,4,,0,35,,6830,28,4,,0,75,,4951,28,4,,0,73,,4008,28,4,,0,30,,4426,28,4,,0,70,,6834,28,4,,0,30,,251,28,4,,0,70,,6836,28,4,,0,30,,6835,28,4,,0,70,,6829,28,4,,0,30,,6832,28,4,,0,70,,2601,28,4,,0,30,,6840,28,4,,0,70,,6842,28,4,,0,46,,6833,28,4,,0,87,,4888,28,4,,0,74,,2843,28,4,,0,36,,6828,28,4,,0,82,,1150,28,4,,0,31,,6838,28,4,,0,84,,2450,28,4,,0,70,,6841,28,4,,0,92,,6831,28,4,,0,28,,542,28,4,,0,70,,1069,28,4,,0,100,,6837,28,4,,0
2000,'2',802,,6843,28,4,,0,100,,6845,28,4,,0,100,,4998,28,4,,0,100,,3858,28,4,,0,100,,6844,28,4,,0,100,,1041,28,4,,0,100,,6848,28,4,,0,100,,6847,28,4,,0,100,,6850,28,4,,0,100,,6849,28,4,,0,100,,5368,28,4,,0,100,,4938,28,4,,0,100,,6846,28,4,,0
2000,'3',902,,6851,28,4,,0,100,,4324,28,4,,0,100,,6852,28,4,,0,100,,6858,28,4,,0,100,,6853,28,4,,0,100,,6854,28,4,,0,100,,5204,28,4,,0,100,,3067,28,4,,0,100,,6856,28,4,,0,100,,6855,28,4,,0,100,,6857,28,4,,0,100,,6859,28,4,,0
2001,'1',605,,6864,1,,,0,29,,6860,1,,,0,81,,4559,1,,,0,34,,6863,1,,,0,75,,1203,1,,,0,35,,3142,1,,,0,75,,3466,1,,,0,70,,6862,1,,,0,33,,682,1,,,0,70,,1848,1,,,0,30,,4257,1,,,0,70,,2853,1,,,0,30,,6868,1,,,0,70,,6869,1,,,0,30,,6873,1,,,0,70,,4114,1,,,0,30,,2341,1,,,0,70,,6870,1,,,0,46,,6871,1,,,0,83,,6866,1,,,0,74,,3504,1,,,0,36,,6865,1,,,0,82,,6867,1,,,0,74,,4677,1,,,0,44,,6874,1,,,0,66,,4949,1,,,0,95,,6861,1,,,0,30,,195,1,,,0,70,,4108,1,,,0,100,,6872,1,,,0
2001,'2',715,,6885,1,,,0,100,,6883,1,,,0,100,,3477,1,,,0,100,,6881,1,,,0,100,,6878,1,,,0,100,,6880,1,,,0,100,,4363,1,,,0,100,,6884,1,,,0,100,,5220,1,,,0,100,,2679,1,,,0,100,,6876,1,,,0,100,,6875,1,,,0,100,,6882,1,,,0,100,,6879,1,,,0,100,,6877,1,,,0
2001,'3',815,,6888,1,,,0,100,,6891,1,,,0,100,,4730,1,,,0,100,,6892,1,,,0,100,,3981,1,,,0,100,,6890,1,,,0,100,,4042,1,,,0,100,,6893,1,,,0,100,,6887,1,,,0,100,,4577,1,,,0,100,,6886,1,,,0,100,,6889,1,,,0
3700,'1',615,,4167,1,0,8 22,0,25,,2512,1,0,8 22,0,3,,4167,28,4,,0,62,,6987,1,0,8 22,0,3,,2512,28,4,,0,22,,5200,1,0,8 22,0,3,,6987,28,4,,0,25,,5200,28,4,,0,62,,6979,1,0,8 22,0,28,,6979,28,4,,0,4,,2371,1,0,8 22,0,58,,4530,1,0,8 22,0,10,,2371,28,4,,0,15,,6983,1,0,8 22,0,3,,4530,28,4,,0,65,,6983,28,4,,0,10,,6985,1,0,8 22,0,24,,6985,28,4,,0,16,,6988,1,0,8 22,0,64,,6988,28,4,,0,290,,4759,1,0,8 22,0,24,,4759,28,4,,0,14,,1103,1,0,8 22,0,64,,1103,28,4,,0,91,,6982,1,0,8 22,0,25,,5231,1,0,8 22,0,25,,5231,28,4,,0,65,,5276,1,0,8 22,0,25,,6981,1,0,8 22,0,65,,6981,28,4,,0,25,,6986,28,4,,0,25,,6984,1,0,8 22,0,65,,6984,28,4,,0,13,,6989,1,0,8 22,0,24,,6989,28,4,,0,56,,6980,1,0,8 22,0,24,,6980,28,4,,0
3700,'2',713,,3316,1,0,8 22,0,24,,3316,28,4,,0,76,,6993,1,0,8 22,0,24,,6993,28,4,,0,76,,7002,1,0,8 22,0,24,,7002,28,4,,0,76,,7001,1,0,8 22,0,24,,7001,28,4,,0,76,,6998,1,0,8 22,0,24,,6998,28,4,,0,76,,7000,1,0,8 22,0,24,,7000,28,4,,0,76,,6996,1,0,8 22,0,24,,6996,28,4,,0,76,,6990,1,0,8 22,0,24,,6990,28,4,,0,76,,6995,1,0,8 22,0,24,,6995,28,4,,0,76,,6999,1,0,8 22,0,24,,6999,28,4,,0,76,,6992,1,0,8 22,0,24,,6992,28,4,,0,76,,6991,1,0,8 22,0,24,,6991,28,4,,0,76,,6994,1,0,8 22,0,24,,6994,28,4,,0,76,,6997,1,0,8 22,0,24,,6997,28,4,,0,76,,7003,1,0,8 22,0,24,,7003,28,4,,0
3700,'3',813,,3138,1,0,8 22,0,24,,3138,28,4,,0,76,,7009,1,0,8 22,0,24,,7009,28,4,,0,76,,7011,1,0,8 22,0,24,,7011,28,4,,0,76,,7012,1,0,8 22,0,24,,7012,28,4,,0,76,,7004,1,0,8 22,0,24,,7004,28,4,,0,76,,7008,1,0,8 22,0,24,,7008,28,4,,0,76,,7013,1,0,8 22,0,24,,7013,28,4,,0,76,,7010,1,0,8 22,0,24,,7010,28,4,,0,76,,7007,1,0,8 22,0,24,,7007,28,4,,0,76,,7005,1,0,8 22,0,24,,7005,28,4,,0,76,,7006,1,0,8 22,0,24,,7006,28,4,,0,76,,5206,1,0,8 22,0,24,,5206,28,4,,0
3701,'1',600,,7015,1,0,13 40 41,0,15,,7015,8,4,,0,10,,7018,1,0,13 40 41,0,15,,7018,8,4,,0,10,,7026,1,0,13 40 41,0,55,,7026,8,4,,0,10,,4643,1,0,13 40 41,0,15,,4643,8,4,,0,10,,7022,1,0,13 40 41,0,15,,7022,8,4,,0,50,,7025,1,0,13 40 41,0,15,,7025,8,4,,0,17,,4975,1,0,13 40 41,0,15,,4975,8,4,,0,3,,7021,1,0,13 40 41,0,55,,7021,8,4,,0,10,,718,1,0,13 40 41,0,15,,718,8,4,,0,65,,4945,1,0,13 40 41,0,12,,4945,8,4,,0,28,,7019,1,0,13 40 41,0,12,,7019,8,4,,0,303,,3169,1,0,13 40 41,0,52,,3169,8,4,,0,24,,2526,1,0,13 40 41,0,12,,2526,8,4,,0,67,,7016,1,0,13 40 41,0,14,,7016,8,4,,0,21,,2203,1,0,13 40 41,0,14,,2203,8,4,,0,51,,2497,1,0,13 40 41,0,14,,2497,8,4,,0,11,,7027,1,0,13 40 41,0,14,,7027,8,4,,0,51,,7024,1,0,13 40 41,0,14,,7024,8,4,,0,11,,7020,1,0,13 40 41,0,14,,7020,8,4,,0,11,,4210,1,0,13 40 41,0,54,,4210,8,4,,0,11,,7014,1,0,13 40 41,0,14,,7014,8,4,,0,11,,4717,1,0,13 40 41,0,14,,4717,8,4,,0,66,,7017,1,0,13 40 41,0,12,,7017,8,4,,0,68,,7023,1,0,13 40 41,0,12,,7023,8,4,,0
3701,'2',700,,634,1,0,13 40 41,0,12,,634,8,4,,0,88,,7040,1,0,13 40 41,0,12,,7040,8,4,,0,88,,7029,1,0,13 40 41,0,12,,7029,8,4,,0,88,,7035,1,0,13 40 41,0,12,,7035,8,4,,0,88,,7030,1,0,13 40 41,0,12,,7030,8,4,,0,88,,7032,1,0,13 40 41,0,12,,7032,8,4,,0,88,,7033,1,0,13 40 41,0,12,,7033,8,4,,0,88,,7039,1,0,13 40 41,0,12,,7039,8,4,,0,88,,7031,1,0,13 40 41,0,12,,7031,8,4,,0,88,,7028,1,0,13 40 41,0,12,,7028,8,4,,0,88,,7034,1,0,13 40 41,0,12,,7034,8,4,,0,88,,7037,1,0,13 40 41,0,12,,7037,8,4,,0,88,,3276,1,0,13 40 41,0,12,,3276,8,4,,0,88,,7036,1,0,13 40 41,0,12,,7036,8,4,,0,88,,7038,1,0,13 40 41,0,12,,7038,8,4,,0
3701,'3',800,,7043,1,0,13 40 41,0,12,,7043,8,4,,0,88,,7041,1,0,13 40 41,0,12,,7041,8,4,,0,88,,7048,1,0,13 40 41,0,12,,7048,8,4,,0,88,,7046,1,0,13 40 41,0,12,,7046,8,4,,0,88,,7051,1,0,13 40 41,0,12,,7051,8,4,,0,88,,7049,1,0,13 40 41,0,12,,7049,8,4,,0,88,,7045,1,0,13 40 41,0,12,,7045,8,4,,0,88,,7050,1,0,13 40 41,0,12,,7050,8,4,,0,88,,4179,1,0,13 40 41,0,12,,4179,8,4,,0,88,,7042,1,0,13 40 41,0,12,,7042,8,4,,0,88,,7047,1,0,13 40 41,0,12,,7047,8,4,,0,88,,7044,1,0,13 40 41,0,12,,7044,8,4,,0
7101,'1',1526,,7054,42,4,,0
1003701,'1',800,,4847,1,,,0,37,,4847,29,4,,0,688,,7229,1,,,0,75,,7229,29,4,,0
