101,'1',601,,5653,12,,,0,10,,3302,12,,,0,10,,2999,12,,,0,10,,5600,12,,,0,10,,5639,12,,,0,10,,5677,12,,,0,50,,5633,12,,,0,10,,4564,12,,,0,10,,2263,12,,,0,10,,5603,12,,,0,10,,5622,12,,,0,10,,3191,12,,,0,50,,5637,12,,,0,10,,5642,12,,,0,10,,5641,12,,,0,10,,5640,12,,,0,10,,5676,12,,,0,10,,4810,12,,,0,50,,5613,12,,,0,10,,1915,12,,,0,10,,4802,12,,,0,10,,986,12,,,0,20,,5598,12,,,0,50,,1418,12,,,0,20,,2581,12,,,0,10,,4811,12,,,0,20,,2265,12,,,0,55,,5649,12,,,0,15,,5411,12,,,0,15,,5606,12,,,0,15,,5627,12,,,0,55,,5657,12,,,0,15,,5618,12,,,0,15,,2673,12,,,0,15,,5597,12,,,0,55,,5644,12,,,0,15,,5624,12,,,0,15,,713,12,,,0,15,,5610,12,,,0,51,,5623,12,,,0,19,,5628,12,,,0,11,,5672,12,,,0,19,,5671,12,,,0,51,,5607,12,,,0,19,,5669,12,,,0,10,,5675,12,,,0,10,,2987,12,,,0,10,,5017,12,,,0,50,,1059,12,,,0,10,,5648,12,,,0,10,,5643,12,,,0,10,,403,12,,,0,10,,5634,12,,,0,10,,5656,12,,,0,50,,2716,12,,,0,10,,5615,12,,,0,10,,5678,12,,,0,10,,4422,12,,,0,10,,5625,12,,,0,10,,5635,12,,,0,50,,4948,12,,,0,10,,3749,12,,,0,10,,4637,12,,,0,10,,2669,12,,,0,10,,3566,12,,,0,10,,2971,12,,,0,50,,5602,12,,,0,10,,3004,12,,,0,20,,5061,12,,,0,70,,5629,12,,,0,30,,4575,12,,,0,70,,2714,12,,,0,30,,5621,12,,,0,70,,981,12,,,0,30,,3212,12,,,0,70,,5614,12,,,0,30,,5638,12,,,0,26,,5664,25,0,54 56,0
101,'2',701,,5037,12,,,0,28,,4513,12,,,0,30,,5708,12,,,0,70,,5707,12,,,0,30,,5710,12,,,0,70,,5701,12,,,0,30,,4366,12,,,0,70,,5082,12,,,0,30,,5691,12,,,0,70,,5721,12,,,0,30,,5692,12,,,0,70,,4280,12,,,0,30,,5720,12,,,0,70,,5715,12,,,0,30,,5714,12,,,0,70,,5315,12,,,0,30,,5725,12,,,0,70,,5695,12,,,0,30,,5685,12,,,0,70,,4529,12,,,0,30,,5728,12,,,0,70,,5687,12,,,0,30,,4626,12,,,0,70,,5722,12,,,0,30,,5712,12,,,0,70,,5718,12,,,0,30,,5700,12,,,0,70,,5696,12,,,0,30,,5680,12,,,0,70,,5717,12,,,0,30,,5681,12,,,0,70,,5698,12,,,0,30,,5684,12,,,0,70,,5703,12,,,0,26,,5733,25,0,54 56,0
101,'3',801,,5736,12,,,0,28,,5743,12,,,0,30,,5753,12,,,0,70,,5755,12,,,0,30,,5740,12,,,0,70,,5738,12,,,0,30,,4991,12,,,0,70,,5761,12,,,0,30,,5768,12,,,0,70,,5756,12,,,0,30,,5739,12,,,0,70,,5766,12,,,0,30,,3691,12,,,0,70,,5741,12,,,0,30,,5751,12,,,0,70,,4267,12,,,0,30,,5745,12,,,0,70,,5070,12,,,0,30,,5737,12,,,0,70,,4770,12,,,0,30,,5771,12,,,0,70,,5734,12,,,0,30,,5752,12,,,0,70,,5746,12,,,0,30,,5754,12,,,0
1900,'1',639,,6751,42,,,0,72,,6745,42,,,0,28,,6746,42,,,0,70,,6752,42,,,0,31,,6758,42,,,0,69,,4105,42,,,0,27,,2170,42,,,0,69,,6761,42,,,0,24,,3186,42,,,0,27,,6764,42,,,0,69,,6759,42,,,0,24,,3966,42,,,0,67,,6753,42,,,0,29,,6747,42,,,0,64,,6763,42,,,0,27,,6756,42,,,0,69,,6755,42,,,0,20,,6749,42,,,0,31,,2514,42,,,0,51,,4249,36,,,0,21,,6748,42,,,0,30,,6762,42,,,0,67,,2870,42,,,0,30,,6754,42,,,0,70,,771,42,,,0,27,,4713,42,,,0,70,,6760,42,,,0,30,,108,42,,,0,67,,4158,42,,,0,27,,4889,42,,,0,67,,6757,42,,,0,27,,1860,42,,,0,70,,3696,42,,,0,90,,420,42,,,0,30,,5088,42,,,0,90,,6750,42,,,0,30,,1630,42,,,0
1900,'2',809,,5146,42,,,0,100,,6769,42,,,0,100,,6771,42,,,0,100,,6773,42,,,0,100,,6768,42,,,0,100,,6767,42,,,0,100,,5143,42,,,0,100,,6765,42,,,0,100,,5041,42,,,0,100,,6774,42,,,0,100,,5006,42,,,0,100,,6766,42,,,0,100,,6770,42,,,0,100,,6772,42,,,0
1900,'3',909,,6779,42,,,0,100,,6784,42,,,0,100,,6783,42,,,0,100,,6778,42,,,0,100,,6782,42,,,0,100,,6775,42,,,0,100,,6781,42,,,0,100,,6777,42,,,0,100,,6776,42,,,0,100,,6780,42,,,0,100,,6785,42,,,0,100,,6786,42,,,0
2000,'1',632,,4712,26,,,0,75,,5023,26,,,0,35,,6839,26,,,0,75,,224,26,,,0,35,,6830,26,,,0,75,,4951,26,,,0,73,,4008,26,,,0,30,,4426,26,,,0,70,,6834,26,,,0,30,,251,26,,,0,70,,6836,26,,,0,30,,6835,26,,,0,70,,6829,26,,,0,30,,6832,26,,,0,70,,2601,26,,,0,30,,6840,26,,,0,70,,6842,26,,,0,45,,6833,26,,,0,87,,4888,26,,,0,74,,2843,26,,,0,36,,6828,26,,,0,82,,1150,26,,,0,31,,6838,26,,,0,84,,2450,26,,,0,70,,6841,26,,,0,93,,6831,26,,,0,28,,542,26,,,0,70,,1069,26,,,0,100,,6837,26,,,0
2000,'2',800,,6843,26,,,0,100,,6845,26,,,0,100,,4998,26,,,0,100,,3858,26,,,0,100,,6844,26,,,0,100,,1041,26,,,0,100,,6848,26,,,0,100,,6847,26,,,0,100,,6850,26,,,0,100,,6849,26,,,0,100,,5368,26,,,0,100,,4938,26,,,0,100,,6846,26,,,0
2000,'3',900,,6851,26,,,0,100,,4324,26,,,0,100,,6852,26,,,0,100,,6858,26,,,0,100,,6853,26,,,0,100,,6854,26,,,0,100,,5204,26,,,0,100,,3067,26,,,0,100,,6856,26,,,0,100,,6855,26,,,0,100,,6857,26,,,0,100,,6859,26,,,0
7101,'1',1524,,7054,40,,,0
