401,'1',628,,2119,23,0,52 19 20,0,25,,4710,23,0,52 19 20,0,62,,5921,23,0,52 19 20,0,24,,5933,23,0,52 19 20,0,64,,5937,23,0,52 19 20,0,25,,5931,23,0,52 19 20,0,25,,5925,23,0,52 19 20,0,65,,4023,23,0,52 19 20,0,84,,4162,23,0,52 19 20,0,27,,5938,23,0,52 19 20,0,25,,4751,23,0,52 19 20,0,81,,5936,23,0,52 19 20,0,70,,931,23,0,52 19 20,0,25,,5930,23,0,52 19 20,0,81,,5935,23,0,52 19 20,0,30,,5932,23,0,52 19 20,0,65,,5924,23,0,52 19 20,0,41,,1846,23,0,52 19 20,0,74,,5929,23,0,52 19 20,0,23,,5934,23,0,52 19 20,0,73,,247,23,0,52 19 20,0,18,,419,23,0,52 19 20,0,74,,3738,23,0,52 19 20,0,24,,2577,23,0,52 19 20,0,76,,5920,23,0,52 19 20,0,20,,5926,23,0,52 19 20,0,30,,5922,23,0,52 19 20,0,64,,5923,23,0,52 19 20,0,29,,5927,23,0,52 19 20,0,103,,4756,23,0,52 19 20,0,81,,4597,23,0,52 19 20,0,99,,693,23,0,52 19 20,0,75,,5928,23,0,52 19 20,0,35,,3252,23,0,52 19 20,0
401,'2',756,,5943,23,0,52 19 20,0,100,,5948,23,0,52 19 20,0,100,,5946,23,0,52 19 20,0,100,,5939,23,0,52 19 20,0,100,,5942,23,0,52 19 20,0,100,,5947,23,0,52 19 20,0,100,,4202,23,0,52 19 20,0,100,,5950,23,0,52 19 20,0,100,,5940,23,0,52 19 20,0,100,,5944,23,0,52 19 20,0,100,,5951,23,0,52 19 20,0,100,,4970,23,0,52 19 20,0,100,,5949,23,0,52 19 20,0,100,,5941,23,0,52 19 20,0,100,,5945,23,0,52 19 20,0,100,,4244,23,0,52 19 20,0
401,'3',755,,4963,2,0,52 19 20,0,101,,5127,23,0,52 19 20,0,100,,4302,23,0,52 19 20,0,100,,5959,23,0,52 19 20,0,100,,5955,23,0,52 19 20,0,100,,5960,23,0,52 19 20,0,100,,5961,23,0,52 19 20,0,100,,5954,23,0,52 19 20,0,100,,5952,23,0,52 19 20,0,100,,5957,23,0,52 19 20,0,100,,5956,23,0,52 19 20,0,100,,5953,23,0,52 19 20,0
1101,'1',558,,2878,2,,,0,100,,6371,2,,,0,90,,6373,2,,,0,110,,6372,2,,,0,100,,4650,2,,,0,100,,2982,2,,,0,100,,3263,2,,,0,100,,5232,2,,,0,100,,2270,2,,,0,100,,6376,2,,,0,100,,6370,2,,,0,155,,6374,2,,,0,100,,4388,2,,,0,100,,5015,2,,,0,100,,6369,2,,,0,100,,6375,2,,,0
1400,'1',628,,6503,2,0,54 61,0,30,,6491,2,0,54 61,0,70,,5058,2,0,54 61,0,30,,2212,2,0,54 61,0,70,,6497,2,0,54 61,0,85,,1047,2,0,54 61,0,99,,6504,2,0,54 61,0,100,,4567,2,0,54 61,0,100,,6502,2,0,54 61,0,100,,6492,2,0,54 61,0,100,,2121,2,0,54 61,0,101,,5021,2,0,54 61,0,106,,6495,2,0,54 61,0,30,,4656,2,0,54 61,0,70,,4013,2,0,54 61,0,30,,6498,2,0,54 61,0,70,,6489,2,0,54 61,0,24,,6506,2,0,54 61,0,99,,3627,2,0,54 61,0
1400,'2',742,,6520,2,0,54 61,0,100,,4066,2,0,54 61,0,100,,6524,2,0,54 61,0,100,,881,2,0,54 61,0,100,,6519,2,0,54 61,0,100,,6516,2,0,54 61,0,100,,6526,2,0,54 61,0,100,,6510,2,0,54 61,0,100,,6529,2,0,54 61,0,100,,4586,2,0,54 61,0,100,,6514,2,0,54 61,0,100,,6513,2,0,54 61,0,100,,6523,2,0,54 61,0
1400,'3',842,,6538,2,0,54 61,0,100,,6544,2,0,54 61,0,100,,6533,2,0,54 61,0,100,,6542,2,0,54 61,0,100,,6548,2,0,54 61,0,100,,6547,2,0,54 61,0,100,,6532,2,0,54 61,0,100,,6535,2,0,54 61,0,100,,6537,2,0,54 61,0,100,,6546,2,0,54 61,0,100,,6545,2,0,54 61,0
1001400,'1',608,,4094,2,0,54 62,0,35,,7088,2,0,54 62,0,70,,4419,2,0,54 62,0,30,,7099,2,0,54 62,0,70,,414,2,0,54 62,0,30,,7091,2,0,54 62,0,100,,7097,2,0,54 62,0,99,,1152,2,0,54 62,0,100,,7103,2,0,54 62,0,100,,5053,2,0,54 62,0,100,,2522,2,0,54 62,0,100,,4754,2,0,54 62,0,101,,1517,2,0,54 62,0,91,,7086,2,0,54 62,0,70,,3837,2,0,54 62,0,30,,7102,2,0,54 62,0,70,,7093,2,0,54 62,0,30,,1872,2,0,54 62,0,78,,4711,2,0,54 62,0,100,,7089,2,0,54 62,0,100,,5154,2,0,54 62,0,100,,4545,2,0,54 62,0,130,,4012,2,0,54 55,0
1001400,'2',712,,7116,2,0,54 62,0,100,,7107,2,0,54 62,0,100,,7132,2,0,54 62,0,100,,7119,2,0,54 62,0,100,,7122,2,0,54 62,0,100,,7128,2,0,54 62,0,100,,7115,2,0,54 62,0,100,,7104,2,0,54 62,0,100,,7120,2,0,54 62,0,100,,7109,2,0,54 62,0,100,,43,2,0,54 62,0,100,,7111,2,0,54 62,0,100,,7118,2,0,54 62,0,100,,7113,2,0,54 62,0,100,,7131,2,0,54 62,0,100,,7108,2,0,54 62,0,130,,7129,2,0,54 55,0
1001400,'3',812,,7144,2,0,54 62,0,100,,7134,2,0,54 62,0,100,,5068,2,0,54 62,0,100,,7140,2,0,54 62,0,100,,7133,2,0,54 62,0,100,,7148,2,0,54 62,0,100,,4960,2,0,54 62,0,100,,7151,2,0,54 62,0,100,,7145,2,0,54 62,0,100,,7146,2,0,54 62,0,100,,5131,2,0,54 62,0,100,,7149,2,0,54 62,0
