300,'1',625,,2609,44,4,,0,77,,5392,44,4,,0,20,,5774,44,4,,0,26,,5780,44,4,,0,62,,3209,44,4,,0,26,,5793,44,4,,0,23,,5787,44,4,,0,65,,3354,44,4,,0,23,,5776,44,4,,0,60,,5399,44,4,,0,25,,5778,44,4,,0,23,,228,44,4,,0,60,,5781,44,4,,0,25,,5022,44,4,,0,63,,5791,44,4,,0,20,,5792,44,4,,0,25,,5010,44,4,,0,63,,5779,44,4,,0,20,,5795,44,4,,0,25,,2871,44,4,,0,63,,5777,44,4,,0,20,,4038,44,4,,0,65,,5797,44,4,,0,23,,5782,44,4,,0,20,,5794,44,4,,0,70,,5775,44,4,,0,23,,5785,44,4,,0,65,,5788,44,4,,0,30,,5783,44,4,,0,22,,1162,44,4,,0,56,,5784,44,4,,0,30,,4674,44,4,,0,67,,1512,44,4,,0,24,,5796,44,4,,0,69,,5789,44,4,,0,11,,5014,44,4,,0,23,,4952,44,4,,0,69,,4560,44,4,,0,103,,5790,44,4,,0,108,,5786,44,4,,0
300,'2',734,,5810,44,4,,0,70,,5801,44,4,,0,30,,5819,44,4,,0,70,,5812,44,4,,0,30,,5818,44,4,,0,70,,2895,44,4,,0,30,,5820,44,4,,0,70,,4845,44,4,,0,30,,3868,44,4,,0,70,,5806,44,4,,0,30,,5800,44,4,,0,70,,5809,44,4,,0,30,,5817,44,4,,0,70,,5804,44,4,,0,30,,5798,44,4,,0,70,,5807,44,4,,0,30,,5816,44,4,,0,70,,5799,44,4,,0,30,,5808,44,4,,0,70,,4503,44,4,,0,30,,5802,44,4,,0,70,,5805,44,4,,0,30,,5803,44,4,,0,70,,5813,44,4,,0,30,,4342,44,4,,0,70,,5815,44,4,,0,30,,4135,44,4,,0,100,,4240,44,4,,0,100,,5811,44,4,,0,106,,5814,44,4,,0
300,'3',834,,5825,44,4,,0,100,,5822,44,4,,0,100,,5829,44,4,,0,100,,5824,44,4,,0,100,,5823,44,4,,0,100,,5828,44,4,,0,100,,5831,44,4,,0,100,,5821,44,4,,0,100,,5826,44,4,,0,100,,3971,44,4,,0,100,,5830,44,4,,0,100,,5827,44,4,,0
301,'1',556,,2835,1,,,0,60,,5180,1,,,0,24,,5845,1,,,0,64,,5839,1,,,0,26,,3621,1,,,0,23,,4641,1,,,0,59,,1665,1,,,0,29,,5836,1,,,0,63,,5841,1,,,0,25,,5842,1,,,0,23,,4433,1,,,0,60,,2502,1,,,0,25,,1260,1,,,0,63,,5339,1,,,0,20,,704,1,,,0,25,,5837,1,,,0,63,,1799,1,,,0,20,,5844,1,,,0,25,,5840,1,,,0,63,,4679,1,,,0,20,,4953,1,,,0,65,,676,1,,,0,23,,5834,1,,,0,20,,3193,1,,,0,65,,2724,1,,,0,23,,5843,1,,,0,20,,5832,1,,,0,70,,5849,1,,,0,23,,4393,1,,,0,60,,4398,1,,,0,30,,1177,1,,,0,23,,252,1,,,0,60,,5847,1,,,0,30,,5838,1,,,0,63,,5848,1,,,0,23,,4752,1,,,0,69,,5835,1,,,0,103,,5846,1,,,0,108,,5833,1,,,0,108,,4854,1,,,0
301,'2',707,,5861,1,,,0,30,,5864,1,,,0,70,,5851,1,,,0,30,,5869,1,,,0,70,,5862,1,,,0,30,,5856,1,,,0,70,,5872,1,,,0,30,,5850,1,,,0,70,,5867,1,,,0,30,,2819,1,,,0,70,,5858,1,,,0,30,,5865,1,,,0,70,,3311,1,,,0,30,,5866,1,,,0,70,,5860,1,,,0,30,,5855,1,,,0,70,,5168,1,,,0,30,,5863,1,,,0,70,,5854,1,,,0,30,,4742,1,,,0,70,,5871,1,,,0,30,,4526,1,,,0,70,,5870,1,,,0,30,,5853,1,,,0,70,,2555,1,,,0,30,,5859,1,,,0,100,,5857,1,,,0,100,,5852,1,,,0,100,,3929,1,,,0,103,,5868,1,,,0
301,'3',837,,5879,1,,,0,100,,4735,1,,,0,100,,5880,1,,,0,100,,5876,1,,,0,100,,5874,1,,,0,100,,5882,1,,,0,100,,5103,1,,,0,100,,5877,1,,,0,100,,5881,1,,,0,100,,5873,1,,,0,100,,5878,1,,,0,100,,5875,1,,,0
1400,'1',652,,6503,22,4,,0,6,,6500,1,,,0,64,,6491,22,4,,0,6,,1617,1,,,0,24,,5058,22,4,,0,6,,6486,1,,,0,64,,2212,22,4,,0,6,,708,1,,,0,24,,6497,22,4,,0,6,,6501,1,,,0,79,,1047,22,4,,0,6,,6487,1,,,0,92,,6504,22,4,,0,3,,6488,1,,,0,97,,4567,22,4,,0,3,,6505,1,,,0,97,,6502,22,4,,0,3,,5148,1,,,0,97,,6492,22,4,,0,3,,5052,1,,,0,97,,2121,22,4,,0,3,,6496,1,,,0,104,,5021,22,4,,0,3,,6493,1,,,0,103,,6495,22,4,,0,70,,4656,22,4,,0,30,,4013,22,4,,0,70,,6498,22,4,,0,30,,6489,22,4,,0,64,,6506,22,4,,0,3,,3347,1,,,0,90,,3627,22,4,,0,3,,6499,1,,,0
1400,'2',804,,6520,22,4,,0,3,,6521,1,,,0,97,,4066,22,4,,0,3,,6518,1,,,0,97,,6524,22,4,,0,3,,6527,1,,,0,97,,881,22,4,,0,3,,6528,1,,,0,97,,6519,22,4,,0,3,,6517,1,,,0,97,,6516,22,4,,0,3,,6511,1,,,0,97,,6526,22,4,,0,3,,3508,1,,,0,97,,6510,22,4,,0,3,,6522,1,,,0,97,,6529,22,4,,0,3,,6512,1,,,0,97,,4586,22,4,,0,3,,6515,1,,,0,97,,6514,22,4,,0,3,,6508,1,,,0,97,,6513,22,4,,0,3,,6509,1,,,0,97,,6523,22,4,,0,3,,6525,1,,,0
1400,'3',904,,6538,22,4,,0,3,,6531,1,,,0,97,,6544,22,4,,0,3,,6536,1,,,0,97,,6533,22,4,,0,3,,6530,1,,,0,97,,6542,22,4,,0,3,,5350,1,,,0,97,,6548,22,4,,0,3,,6534,1,,,0,97,,6547,22,4,,0,3,,3097,1,,,0,97,,6532,22,4,,0,3,,6543,1,,,0,97,,6535,22,4,,0,3,,6539,1,,,0,97,,6537,22,4,,0,3,,6540,1,,,0,97,,6546,22,4,,0,3,,6541,1,,,0,97,,6545,22,4,,0,3,,6549,1,,,0
1401,'1',610,,6555,28,4,,0,5,,681,1,,,0,28,,6557,39,4,,0,5,,4384,1,,,0,65,,6564,39,4,,0,8,,6551,1,,,0,22,,6558,39,4,,0,5,,6554,1,,,0,65,,5226,39,4,,0,5,,6568,1,,,0,25,,2106,39,4,,0,5,,6566,1,,,0,65,,4651,39,4,,0,5,,2729,1,,,0,90,,6553,39,4,,0,5,,6556,1,,,0,95,,4014,39,4,,0,5,,6567,1,,,0,95,,781,39,4,,0,5,,6552,1,,,0,95,,6560,39,4,,0,5,,3739,1,,,0,95,,3576,39,4,,0,5,,6563,1,,,0,95,,6562,39,4,,0,5,,5202,1,,,0,104,,5203,39,4,,0,5,,6559,1,,,0,95,,6565,39,4,,0,5,,4542,1,,,0,25,,5258,39,4,,0,5,,4721,1,,,0,65,,6550,39,4,,0,5,,1111,1,,,0,25,,6561,39,4,,0,5,,789,1,,,0,65,,236,39,4,,0,5,,5400,1,,,0,86,,5057,39,4,,0,5,,747,1,,,0
1401,'2',707,,6579,28,4,,0,5,,6576,1,,,0,95,,6580,39,4,,0,5,,6572,1,,,0,95,,6570,39,4,,0,5,,4486,1,,,0,95,,5320,39,4,,0,5,,4781,1,,,0,95,,6575,39,4,,0,5,,6581,1,,,0,95,,2789,39,4,,0,5,,6586,1,,,0,95,,6588,39,4,,0,5,,6571,1,,,0,95,,6577,39,4,,0,5,,6582,1,,,0,95,,6573,39,4,,0,5,,6583,1,,,0,95,,6584,39,4,,0,5,,3312,1,,,0,95,,6578,39,4,,0,5,,6585,1,,,0,95,,6589,39,4,,0,5,,6569,1,,,0,95,,6574,39,4,,0,5,,2885,1,,,0,95,,6587,39,4,,0,5,,2911,1,,,0
1401,'3',807,,6603,28,4,,0,5,,6599,1,,,0,95,,6605,39,4,,0,5,,6598,1,,,0,95,,6593,39,4,,0,5,,6604,1,,,0,95,,6592,39,4,,0,5,,4232,1,,,0,95,,6597,39,4,,0,5,,6590,1,,,0,95,,6602,39,4,,0,5,,4616,1,,,0,95,,6591,39,4,,0,5,,6600,1,,,0,95,,6595,39,4,,0,5,,4924,1,,,0,95,,6594,39,4,,0,5,,6601,1,,,0,95,,6607,39,4,,0,5,,6608,1,,,0,95,,6606,39,4,,0,5,,5132,1,,,0,95,,6596,39,4,,0,5,,5100,1,,,0
1500,'1',641,,6618,43,4,,0,75,,4436,43,4,,0,35,,4089,43,4,,0,72,,6621,43,4,,0,78,,1510,43,4,,0,35,,4101,43,4,,0,70,,6610,43,4,,0,32,,1580,43,4,,0,72,,4633,43,4,,0,32,,6612,43,4,,0,72,,2992,43,4,,0,32,,6611,43,4,,0,72,,6619,43,4,,0,29,,3833,43,4,,0,75,,6616,43,4,,0,26,,2732,43,4,,0,78,,6614,43,4,,0,76,,6615,43,4,,0,35,,1184,43,4,,0,75,,6620,43,4,,0,35,,6609,43,4,,0,85,,6613,43,4,,0,70,,4572,43,4,,0,35,,6617,43,4,,0,100,,4260,43,4,,0
1500,'2',807,,6630,43,4,,0,100,,6622,43,4,,0,100,,6625,43,4,,0,100,,6623,43,4,,0,100,,6634,43,4,,0,100,,6624,43,4,,0,100,,6633,43,4,,0,100,,6628,43,4,,0,100,,6626,43,4,,0,100,,6627,43,4,,0,100,,6631,43,4,,0,100,,6629,43,4,,0,100,,6632,43,4,,0
1500,'3',907,,6635,43,4,,0,100,,6638,43,4,,0,100,,6640,43,4,,0,100,,6642,43,4,,0,100,,3978,43,4,,0,100,,6644,43,4,,0,100,,6641,43,4,,0,100,,6639,43,4,,0,100,,6637,43,4,,0,100,,6636,43,4,,0,100,,6643,43,4,,0,100,,4619,43,4,,0
1501,'1',608,,6650,1,,,0,34,,6649,1,,,0,75,,4536,1,,,0,35,,6657,1,,,0,72,,4252,1,,,0,78,,1421,1,,,0,35,,6645,1,,,0,70,,6655,1,,,0,32,,6651,1,,,0,72,,690,1,,,0,32,,6646,1,,,0,72,,4387,1,,,0,32,,6660,1,,,0,72,,6654,1,,,0,29,,6652,1,,,0,75,,6653,1,,,0,32,,5151,1,,,0,72,,6648,1,,,0,76,,6659,1,,,0,35,,6647,1,,,0,75,,4035,1,,,0,35,,1638,1,,,0,85,,6656,1,,,0,72,,4019,1,,,0,33,,6661,1,,,0,102,,6658,1,,,0
1501,'2',708,,6664,1,,,0,100,,6669,1,,,0,100,,4205,1,,,0,100,,2072,1,,,0,100,,6665,1,,,0,100,,4590,1,,,0,100,,6663,1,,,0,100,,6662,1,,,0,100,,6670,1,,,0,100,,6667,1,,,0,100,,6668,1,,,0,100,,5384,1,,,0,100,,6666,1,,,0,100,,6671,1,,,0
1501,'3',808,,6677,1,,,0,100,,6678,1,,,0,100,,4876,1,,,0,100,,6676,1,,,0,100,,6675,1,,,0,100,,4332,1,,,0,100,,5354,1,,,0,100,,5158,1,,,0,100,,6672,1,,,0,100,,6673,1,,,0,100,,6674,1,,,0,100,,4697,1,,,0
8300,'1',1103,,5155,4,4,,0,352,,7058,4,0,50,0,45,,7059,4,0,50,0
8301,'1',1130,,7060,1,0,50,0
1001400,'1',632,,4094,22,4,,0,5,,4106,1,0,23 24 20,0,70,,7088,22,4,,0,5,,5272,1,0,23 24 20,0,25,,4419,22,4,,0,5,,3661,1,0,23 24 20,0,65,,7099,22,4,,0,5,,4943,1,0,23 24 20,0,25,,414,22,4,,0,5,,7087,1,0,23 24 20,0,65,,7091,22,4,,0,5,,7094,1,0,23 24 20,0,95,,7097,22,4,,0,5,,2481,1,0,23 24 20,0,93,,1152,22,4,,0,3,,1981,1,0,23 24 20,0,97,,7103,22,4,,0,3,,7092,1,0,23 24 20,0,97,,5053,22,4,,0,3,,7100,1,0,23 24 20,0,97,,2522,22,4,,0,3,,7096,1,0,23 24 20,0,97,,4754,22,4,,0,3,,3840,1,0,23 24 20,0,104,,1517,22,4,,0,3,,7090,1,0,23 24 20,0,88,,7086,22,4,,0,30,,3837,22,4,,0,70,,7102,22,4,,0,30,,7093,22,4,,0,70,,1872,22,4,,0,32,,4711,22,4,,0,3,,5019,1,0,23 24 20,0,97,,7089,22,4,,0,3,,7101,1,0,23 24 20,0,97,,5154,22,4,,0,3,,5122,1,0,23 24 20,0,97,,4545,22,4,,0,3,,4716,1,0,23 24 20,0,166,,4012,22,0,54 55,0
1001400,'2',734,,7116,22,4,,0,3,,7125,1,0,23 24 20,0,97,,7107,22,4,,0,3,,7130,1,0,23 24 20,0,97,,7132,22,4,,0,3,,7127,1,0,23 24 20,0,97,,7119,22,4,,0,3,,5002,1,0,23 24 20,0,97,,7122,22,4,,0,3,,7117,1,0,23 24 20,0,97,,7128,22,4,,0,3,,4840,1,0,23 24 20,0,97,,7115,22,4,,0,3,,7106,1,0,23 24 20,0,97,,7104,22,4,,0,3,,7105,1,0,23 24 20,0,97,,7120,22,4,,0,3,,7123,1,0,23 24 20,0,97,,7109,22,4,,0,3,,5138,1,0,23 24 20,0,97,,43,22,4,,0,3,,7121,1,0,23 24 20,0,97,,7111,22,4,,0,3,,7110,1,0,23 24 20,0,97,,7118,22,4,,0,3,,7112,1,0,23 24 20,0,97,,7113,22,4,,0,3,,7126,1,0,23 24 20,0,97,,7131,22,4,,0,3,,7114,1,0,23 24 20,0,97,,7108,22,4,,0,3,,7124,1,0,23 24 20,0,167,,7129,22,0,54 55,0
1001400,'3',834,,7144,22,4,,0,3,,7141,1,0,23 24 20,0,97,,7134,22,4,,0,3,,7138,1,0,23 24 20,0,97,,5068,22,4,,0,3,,4995,1,0,23 24 20,0,97,,7140,22,4,,0,3,,7152,1,0,23 24 20,0,97,,7133,22,4,,0,3,,7135,1,0,23 24 20,0,97,,7148,22,4,,0,3,,7143,1,0,23 24 20,0,97,,4960,22,4,,0,3,,7142,1,0,23 24 20,0,97,,7151,22,4,,0,3,,7147,1,0,23 24 20,0,97,,7145,22,4,,0,3,,7150,1,0,23 24 20,0,97,,7146,22,4,,0,3,,7137,1,0,23 24 20,0,97,,5131,22,4,,0,3,,7139,1,0,23 24 20,0,97,,7149,22,4,,0,3,,7136,1,0,23 24 20,0
1001401,'1',627,,7153,29,4,,0,5,,4634,1,,,0,68,,2983,40,4,,0,5,,7154,1,,,0,25,,2363,40,4,,0,5,,7155,1,,,0,65,,5404,40,4,,0,5,,7160,1,,,0,25,,7177,40,4,,0,5,,7171,1,,,0,23,,7173,44,4,,0,45,,7170,1,,,0,33,,7172,44,4,,0,5,,4944,1,,,0,95,,3920,44,4,,0,5,,4813,1,,,0,95,,7178,44,4,,0,5,,7158,1,,,0,95,,7161,44,4,,0,5,,3187,1,,,0,95,,7159,44,4,,0,5,,7156,1,,,0,95,,7176,44,4,,0,5,,3832,1,,,0,105,,2233,44,4,,0,5,,3140,1,,,0,95,,2091,44,4,,0,5,,7157,1,,,0,83,,5020,44,4,,0,2,,7164,1,,,0,68,,5335,44,4,,0,2,,7163,1,,,0,28,,2677,44,4,,0,2,,7166,1,,,0,68,,4709,44,4,,0,2,,4399,1,,,0,30,,258,44,4,,0,5,,7169,1,,,0,95,,3848,44,4,,0,5,,7162,1,,,0,95,,3404,44,4,,0,5,,7174,1,,,0,98,,7165,44,4,,0,2,,4867,1,,,0,98,,7168,44,4,,0,1,,7167,1,,,0
1001401,'2',742,,7199,1,,,0,100,,7204,1,,,0,100,,7179,1,,,0,100,,7197,1,,,0,100,,5312,1,,,0,100,,7201,1,,,0,100,,7183,1,,,0,100,,7190,1,,,0,100,,5042,1,,,0,100,,5306,1,,,0,100,,7200,1,,,0,100,,7187,1,,,0,100,,7184,1,,,0,100,,7192,1,,,0,100,,7195,1,,,0,100,,7189,1,,,0,95,,7196,44,4,,0,3,,7186,1,,,0
1001401,'3',842,,7215,1,,,0,100,,7208,1,,,0,100,,7227,1,,,0,100,,7221,1,,,0,100,,7210,1,,,0,100,,7217,1,,,0,100,,4988,1,,,0,100,,7209,1,,,0,100,,7211,1,,,0,100,,2927,1,,,0,100,,7224,1,,,0,100,,7228,1,,,0
