101,'1',606,,5655,12,0,54 55,0,10,,5601,12,0,54 55,0,10,,5630,12,0,54 55,0,10,,4714,12,0,54 55,0,10,,1859,12,0,54 55,0,10,,5659,12,0,54 55,0,50,,5612,12,0,54 55,0,10,,5645,12,0,54 55,0,10,,5605,12,0,54 55,0,10,,723,12,0,54 55,0,10,,5620,12,0,54 55,0,10,,2848,12,0,54 55,0,50,,5667,12,0,54 55,0,10,,2096,12,0,54 55,0,10,,134,12,0,54 55,0,10,,5666,12,0,54 55,0,10,,4726,12,0,54 55,0,10,,5626,12,0,54 55,0,50,,962,12,0,54 55,0,20,,5654,12,0,54 55,0,10,,2348,12,0,54 55,0,20,,5661,12,0,54 55,0,50,,1415,12,0,54 55,0,20,,5670,12,0,54 55,0,15,,5658,12,0,54 55,0,15,,4219,12,0,54 55,0,55,,4032,12,0,54 55,0,15,,5650,12,0,54 55,0,15,,5619,12,0,54 55,0,15,,5646,12,0,54 55,0,55,,5652,12,0,54 55,0,15,,4406,12,0,54 55,0,15,,3619,12,0,54 55,0,15,,5663,12,0,54 55,0,55,,1170,12,0,54 55,0,15,,4852,12,0,54 55,0,15,,4556,12,0,54 55,0,15,,4976,12,0,54 55,0,55,,5660,12,0,54 55,0,15,,5673,12,0,54 55,0,15,,405,12,0,54 55,0,15,,2498,12,0,54 55,0,50,,4037,12,0,54 55,0,10,,5282,12,0,54 55,0,10,,1070,12,0,54 55,0,10,,5662,12,0,54 55,0,10,,5611,12,0,54 55,0,10,,5253,12,0,54 55,0,50,,5647,12,0,54 55,0,10,,5668,12,0,54 55,0,10,,5262,12,0,54 55,0,10,,5616,12,0,54 55,0,10,,5631,12,0,54 55,0,10,,999,12,0,54 55,0,50,,544,12,0,54 55,0,10,,3777,12,0,54 55,0,10,,5617,12,0,54 55,0,10,,2988,12,0,54 55,0,10,,5674,12,0,54 55,0,10,,1151,12,0,54 55,0,50,,5604,12,0,54 55,0,10,,5636,12,0,54 55,0,10,,5608,12,0,54 55,0,10,,5665,12,0,54 55,0,10,,5599,12,0,54 55,0,60,,5609,12,0,54 55,0,30,,3600,12,0,54 55,0,70,,5651,12,0,54 55,0,30,,3502,12,0,54 55,0,70,,3303,12,0,54 55,0,30,,974,12,0,54 55,0,70,,5632,12,0,54 55,0,30,,5121,12,0,54 55,0,70,,2080,12,0,54 55,0,32,,5664,12,0,54 56,0
101,'2',704,,5704,12,0,54 55,0,30,,4935,12,0,54 55,0,71,,5732,12,0,54 55,0,29,,1772,12,0,54 55,0,70,,5702,12,0,54 55,0,30,,5723,12,0,54 55,0,70,,5689,12,0,54 55,0,30,,5693,12,0,54 55,0,70,,5683,12,0,54 55,0,30,,5697,12,0,54 55,0,70,,5686,12,0,54 55,0,30,,5679,12,0,54 55,0,70,,5713,12,0,54 55,0,30,,5727,12,0,54 55,0,70,,5726,12,0,54 55,0,30,,3995,12,0,54 55,0,70,,5731,12,0,54 55,0,30,,5705,12,0,54 55,0,70,,5711,12,0,54 55,0,30,,5682,12,0,54 55,0,70,,5694,12,0,54 55,0,30,,5699,12,0,54 55,0,70,,4069,12,0,54 55,0,30,,4628,12,0,54 55,0,70,,5716,12,0,54 55,0,30,,5706,12,0,54 55,0,70,,5730,12,0,54 55,0,30,,5729,12,0,54 55,0,70,,5719,12,0,54 55,0,30,,5688,12,0,54 55,0,70,,5709,12,0,54 55,0,30,,5690,12,0,54 55,0,70,,5724,12,0,54 55,0,32,,5733,12,0,54 56,0
101,'3',804,,4181,12,0,54 55,0,30,,5744,12,0,54 55,0,71,,4824,12,0,54 55,0,29,,5748,12,0,54 55,0,70,,5763,12,0,54 55,0,30,,5770,12,0,54 55,0,70,,5735,12,0,54 55,0,30,,5760,12,0,54 55,0,70,,5749,12,0,54 55,0,30,,5742,12,0,54 55,0,70,,5297,12,0,54 55,0,30,,5747,12,0,54 55,0,70,,4182,12,0,54 55,0,30,,5762,12,0,54 55,0,70,,5758,12,0,54 55,0,30,,5757,12,0,54 55,0,70,,5759,12,0,54 55,0,30,,5767,12,0,54 55,0,70,,5773,12,0,54 55,0,30,,5764,12,0,54 55,0,70,,5765,12,0,54 55,0,30,,5772,12,0,54 55,0,70,,5769,12,0,54 55,0,30,,5750,12,0,54 55,0
401,'1',623,,2119,20,0,52 19 20,0,25,,4710,20,0,52 19 20,0,62,,5921,20,0,52 19 20,0,25,,5933,20,0,52 19 20,0,23,,5937,20,0,52 19 20,0,65,,5931,20,0,52 19 20,0,25,,5925,20,0,52 19 20,0,65,,4023,20,0,52 19 20,0,44,,4162,20,0,52 19 20,0,67,,5938,20,0,52 19 20,0,25,,4751,20,0,52 19 20,0,81,,5936,20,0,52 19 20,0,70,,931,20,0,52 19 20,0,25,,5930,20,0,52 19 20,0,81,,5935,20,0,52 19 20,0,30,,5932,20,0,52 19 20,0,65,,5924,20,0,52 19 20,0,41,,1846,20,0,52 19 20,0,73,,5929,20,0,52 19 20,0,23,,5934,20,0,52 19 20,0,73,,247,20,0,52 19 20,0,18,,419,20,0,52 19 20,0,74,,3738,20,0,52 19 20,0,24,,2577,20,0,52 19 20,0,76,,5920,20,0,52 19 20,0,20,,5926,20,0,52 19 20,0,30,,5922,20,0,52 19 20,0,64,,5923,20,0,52 19 20,0,30,,5927,20,0,52 19 20,0,103,,4756,20,0,52 19 20,0,80,,4597,20,0,52 19 20,0,100,,693,20,0,52 19 20,0,75,,5928,20,0,52 19 20,0,35,,3252,20,0,52 19 20,0
401,'2',751,,5943,20,0,52 19 20,0,100,,5948,20,0,52 19 20,0,100,,5946,20,0,52 19 20,0,100,,5939,20,0,52 19 20,0,100,,5942,20,0,52 19 20,0,100,,5947,20,0,52 19 20,0,100,,4202,20,0,52 19 20,0,100,,5950,20,0,52 19 20,0,100,,5940,20,0,52 19 20,0,100,,5944,20,0,52 19 20,0,100,,5951,20,0,52 19 20,0,100,,4970,20,0,52 19 20,0,100,,5949,20,0,52 19 20,0,100,,5941,20,0,52 19 20,0,100,,5945,20,0,52 19 20,0,100,,4244,20,0,52 19 20,0
401,'3',851,,5127,20,0,52 19 20,0,100,,4302,20,0,52 19 20,0,100,,5959,20,0,52 19 20,0,100,,5955,20,0,52 19 20,0,100,,5960,20,0,52 19 20,0,100,,5961,20,0,52 19 20,0,100,,5954,20,0,52 19 20,0,100,,5952,20,0,52 19 20,0,100,,5957,20,0,52 19 20,0,100,,5956,20,0,52 19 20,0,100,,5953,20,0,52 19 20,0,99,,5958,20,0,21 20,0
1000,'1',734,,702,19,,,0,70,,6351,19,,,0,30,,6352,19,,,0,70,,1926,19,,,0,30,,6344,19,,,0,70,,116,19,,,0,30,,6350,19,,,0,472,,6349,29,,,0,30,,1283,29,,,0,70,,3744,29,,,0,30,,6346,29,,,0,70,,6345,29,,,0,30,,6347,29,,,0,70,,6348,29,,,0
1501,'1',636,,6650,38,,,0,77,,6649,38,,,0,35,,4536,38,,,0,75,,6657,38,,,0,32,,4252,38,,,0,78,,1421,38,,,0,72,,6645,38,,,0,30,,6655,38,,,0,72,,6651,38,,,0,32,,690,38,,,0,72,,6646,38,,,0,32,,4387,38,,,0,72,,6660,38,,,0,32,,6654,38,,,0,69,,6652,38,,,0,35,,6653,38,,,0,72,,5151,38,,,0,32,,6648,38,,,0,79,,6659,38,,,0,75,,6647,38,,,0,35,,4035,38,,,0,75,,1638,38,,,0,85,,6656,38,,,0,32,,4019,38,,,0,70,,6661,38,,,0,102,,6658,38,,,0
1501,'2',736,,6664,38,,,0,100,,6669,38,,,0,100,,4205,38,,,0,100,,2072,38,,,0,100,,6665,38,,,0,100,,4590,38,,,0,100,,6663,38,,,0,100,,6662,38,,,0,100,,6670,38,,,0,100,,6667,38,,,0,100,,6668,38,,,0,100,,5384,38,,,0,100,,6666,38,,,0,100,,6671,38,,,0
1501,'3',836,,6677,38,,,0,100,,6678,38,,,0,100,,4876,38,,,0,100,,6676,38,,,0,100,,6675,38,,,0,100,,4332,38,,,0,100,,5354,38,,,0,100,,5158,38,,,0,100,,6672,38,,,0,100,,6673,38,,,0,100,,6674,38,,,0,100,,4697,38,,,0
1800,'1',636,,6681,25,,,0,70,,2584,25,,,0,30,,2578,25,,,0,70,,2855,25,,,0,30,,6689,25,,,0,70,,6686,25,,,0,30,,126,25,,,0,70,,104,25,,,0,30,,6682,25,,,0,70,,3181,25,,,0,30,,6679,25,,,0,70,,6687,25,,,0,30,,2032,25,,,0,70,,6683,25,,,0,30,,6684,25,,,0,70,,4557,25,,,0,30,,3779,25,,,0,70,,6685,25,,,0,30,,5051,25,,,0,70,,1523,25,,,0,30,,4982,25,,,0,70,,6680,25,,,0,30,,6690,25,,,0,70,,2589,25,,,0,30,,3841,25,,,0,70,,4093,25,,,0,30,,3431,25,,,0,70,,4102,25,,,0,30,,5060,25,,,0,100,,6688,25,,,0
1800,'2',736,,6700,25,,,0,100,,5040,25,,,0,100,,6699,25,,,0,100,,6697,25,,,0,100,,4191,25,,,0,100,,6694,25,,,0,100,,6698,25,,,0,100,,6691,25,,,0,100,,6696,25,,,0,100,,6693,25,,,0,100,,6692,25,,,0,100,,6695,25,,,0,100,,4967,25,,,0
1800,'3',836,,6712,25,,,0,100,,6709,25,,,0,100,,6708,25,,,0,100,,6707,25,,,0,100,,6704,25,,,0,100,,6701,25,,,0,100,,6711,25,,,0,100,,6702,25,,,0,100,,6705,25,,,0,100,,6710,25,,,0,100,,6703,25,,,0,100,,6706,25,,,0
2800,'1',636,,1323,38,,,0,70,,1694,38,,,0,30,,2503,38,,,0,70,,2775,38,,,0,30,,6895,38,,,0,70,,2377,38,,,0,30,,3257,38,,,0,70,,6908,38,,,0,30,,6900,38,,,0,70,,4216,38,,,0,30,,2517,38,,,0,70,,6907,38,,,0,30,,1800,38,,,0,70,,3908,38,,,0,30,,6897,38,,,0,70,,5227,38,,,0,30,,6901,38,,,0,70,,6896,38,,,0,30,,3742,38,,,0,70,,6904,38,,,0,30,,3105,38,,,0,70,,6906,38,,,0,30,,6902,38,,,0,73,,6898,38,,,0,27,,4665,38,,,0,70,,6905,38,,,0,30,,6909,38,,,0,70,,2120,38,,,0,100,,6899,38,,,0,132,,6903,38,,,0
2800,'2',706,,6917,35,,,0,100,,6915,38,,,0,100,,6910,38,,,0,100,,6911,38,,,0,100,,4360,38,,,0,100,,6913,38,,,0,100,,4278,38,,,0,100,,6916,38,,,0,100,,3308,38,,,0,100,,6918,38,,,0,100,,6914,38,,,0,100,,4591,38,,,0,100,,4968,38,,,0,100,,6912,38,,,0
2800,'3',806,,4816,35,,,0,100,,6920,38,,,0,100,,5283,38,,,0,100,,6921,38,,,0,100,,2954,38,,,0,100,,6922,38,,,0,100,,6924,38,,,0,100,,6927,38,,,0,100,,6926,38,,,0,100,,6925,38,,,0,100,,6923,38,,,0,100,,6919,38,,,0,100,,6928,38,,,0
8301,'1',1512,,7062,25,,,0
