1400,'1',849,,3341,12,,,0,100,,2642,12,,,0,100,,4769,12,,,0,100,,4766,12,,,0,100,,4773,12,,,0,100,,4765,12,,,0,100,,3288,12,,,0,100,,1756,12,,,0,100,,4772,12,,,0,100,,4768,12,,,0,100,,4770,12,,,0
1400,'2',749,,4784,12,,,0,100,,4783,12,,,0,100,,4798,12,,,0,100,,4788,12,,,0,100,,4791,12,,,0,100,,4790,12,,,0,100,,4799,12,,,0,100,,4781,12,,,0,100,,4796,12,,,0,100,,4786,12,,,0,100,,3922,12,,,0,100,,2895,12,,,0,100,,4785,12,,,0
1400,'3',636,,1421,12,,,0,70,,2363,12,,,0,30,,2173,12,,,0,70,,3910,12,,,0,30,,4808,12,,,0,85,,2498,12,,,0,99,,2579,12,,,0,100,,1105,12,,,0,100,,116,12,,,0,100,,1289,12,,,0,100,,4812,12,,,0,103,,4802,12,,,0,106,,4813,12,,,0,30,,1213,12,,,0,70,,2106,12,,,0,30,,4809,12,,,0,70,,4801,12,,,0,24,,3780,12,,,0,97,,4804,12,,,0
1401,'1',820,,4825,14,,,0,100,,4826,14,,,0,100,,2828,14,,,0,100,,4816,14,,,0,100,,4820,14,,,0,100,,4818,14,,,0,100,,4827,14,,,0,100,,4821,14,,,0,100,,4814,14,,,0,100,,3379,14,,,0,100,,4822,14,,,0,100,,2757,14,,,0
1401,'2',720,,190,14,,,0,100,,4838,14,,,0,100,,4831,14,,,0,100,,4842,14,,,0,100,,3045,14,,,0,100,,3633,14,,,0,100,,2638,14,,,0,100,,2924,14,,,0,100,,48,14,,,0,100,,4841,14,,,0,100,,4840,14,,,0,100,,4837,14,,,0,100,,4845,14,,,0,100,,4833,14,,,0
1401,'3',626,,4864,14,,,0,33,,4847,14,,,0,70,,3779,14,,,0,30,,4849,14,,,0,70,,782,14,,,0,30,,3541,14,,,0,70,,4848,14,,,0,93,,4851,14,,,0,100,,4853,14,,,0,100,,3407,14,,,0,100,,4860,14,,,0,100,,3261,14,,,0,100,,4857,14,,,0,110,,4863,14,,,0,100,,1535,14,,,0,70,,4859,14,,,0,30,,1811,14,,,0,70,,4850,14,,,0,30,,4867,14,,,0,90,,3462,14,,,0
1001400,'1',819,,5293,12,0,23 24 20,0,100,,5296,12,0,23 24 20,0,100,,5288,12,0,23 24 20,0,100,,5286,12,0,23 24 20,0,100,,3893,12,0,23 24 20,0,100,,5285,12,0,23 24 20,0,100,,5287,12,0,23 24 20,0,100,,5298,12,0,23 24 20,0,100,,1370,12,0,23 24 20,0,100,,5292,12,0,23 24 20,0,100,,5291,12,0,23 24 20,0,100,,3894,12,0,23 24 20,0
1001400,'2',719,,5324,12,0,23 24 20,0,100,,2616,12,0,23 24 20,0,100,,524,12,0,23 24 20,0,100,,3511,12,0,23 24 20,0,100,,2783,12,0,23 24 20,0,100,,5321,12,0,23 24 20,0,100,,5318,12,0,23 24 20,0,100,,2819,12,0,23 24 20,0,100,,5320,12,0,23 24 20,0,100,,5311,12,0,23 24 20,0,100,,3415,12,0,23 24 20,0,100,,5309,12,0,23 24 20,0,100,,5316,12,0,23 24 20,0,100,,5305,12,0,23 24 20,0,100,,5323,12,0,23 24 20,0,100,,5315,12,0,23 24 20,0,130,,5322,12,0,25 3 26,0
1001400,'3',616,,2374,12,0,23 24 20,0,35,,254,12,0,23 24 20,0,70,,5327,12,0,23 24 20,0,30,,5338,12,0,23 24 20,0,70,,3174,12,0,23 24 20,0,30,,693,12,0,23 24 20,0,100,,5342,12,0,23 24 20,0,99,,5336,12,0,23 24 20,0,100,,5326,12,0,23 24 20,0,100,,5341,12,0,23 24 20,0,100,,5345,12,0,23 24 20,0,100,,5346,12,0,23 24 20,0,103,,2243,12,0,23 24 20,0,91,,5334,12,0,23 24 20,0,70,,2505,12,0,23 24 20,0,30,,5340,12,0,23 24 20,0,70,,2162,12,0,23 24 20,0,30,,5325,12,0,23 24 20,0,76,,3654,12,0,23 24 20,0,100,,1905,12,0,23 24 20,0,100,,2999,12,0,23 24 20,0,100,,747,12,0,23 24 20,0,129,,3823,12,0,25 3 26,0
1001401,'1',850,,3339,14,0,23 21 20,0,100,,792,14,0,23 21 20,0,100,,3947,14,0,23 21 20,0,100,,5362,14,0,23 21 20,0,100,,5355,14,0,23 21 20,0,100,,5361,14,0,23 21 20,0,100,,5348,14,0,23 21 20,0,100,,5351,14,0,23 21 20,0,100,,5349,14,0,23 21 20,0,100,,3948,14,0,23 21 20,0,100,,5360,14,0,23 21 20,0,100,,5358,14,0,23 21 20,0
1001401,'2',750,,5388,14,0,23 21 20,0,100,,1833,14,0,23 21 20,0,100,,2925,14,0,23 21 20,0,100,,5368,14,0,23 21 20,0,100,,3473,14,0,23 21 20,0,100,,5386,14,0,23 21 20,0,100,,1384,14,0,23 21 20,0,100,,5384,14,0,23 21 20,0,100,,5380,14,0,23 21 20,0,100,,2737,14,0,23 21 20,0,100,,5383,14,0,23 21 20,0,100,,5365,14,0,23 21 20,0,100,,1236,14,0,23 21 20,0,100,,5382,14,0,23 21 20,0,100,,5373,14,0,23 21 20,0,100,,5369,14,0,23 21 20,0,97,,5375,14,0,23 21 20,0
1001401,'3',643,,2986,14,0,23 21 20,0,73,,5389,14,0,23 21 20,0,30,,124,14,0,23 21 20,0,70,,2109,14,0,23 21 20,0,30,,708,14,0,23 21 20,0,68,,1420,14,0,23 21 20,0,36,,5391,14,0,23 21 20,0,100,,1047,14,0,23 21 20,0,100,,5407,14,0,23 21 20,0,100,,5401,14,0,23 21 20,0,100,,5409,14,0,23 21 20,0,100,,2102,14,0,23 21 20,0,151,,2343,14,0,23 21 20,0,100,,58,14,0,23 21 20,0,45,,2597,14,0,23 21 20,0,70,,5394,14,0,23 21 20,0,30,,5395,14,0,23 21 20,0,70,,5399,14,0,23 21 20,0,34,,1962,14,0,23 21 20,0,100,,5396,14,0,23 21 20,0,100,,2575,14,0,23 21 20,0,100,,5405,14,0,23 21 20,0,99,,5393,14,0,23 21 20,0
