101,'1',607,,5655,13,0,54 55,0,10,,5601,13,0,54 55,0,10,,5630,13,0,54 55,0,10,,4714,13,0,54 55,0,10,,1859,13,0,54 55,0,10,,5659,13,0,54 55,0,50,,5612,13,0,54 55,0,10,,5645,13,0,54 55,0,10,,5605,13,0,54 55,0,10,,723,13,0,54 55,0,10,,5620,13,0,54 55,0,10,,2848,13,0,54 55,0,50,,5667,13,0,54 55,0,10,,2096,13,0,54 55,0,10,,134,13,0,54 55,0,10,,5666,13,0,54 55,0,10,,4726,13,0,54 55,0,10,,5626,13,0,54 55,0,50,,962,13,0,54 55,0,20,,5654,13,0,54 55,0,10,,2348,13,0,54 55,0,20,,5661,13,0,54 55,0,50,,1415,13,0,54 55,0,20,,5670,13,0,54 55,0,15,,5658,13,0,54 55,0,15,,4219,13,0,54 55,0,55,,4032,13,0,54 55,0,15,,5650,13,0,54 55,0,15,,5619,13,0,54 55,0,15,,5646,13,0,54 55,0,55,,5652,13,0,54 55,0,15,,4406,13,0,54 55,0,15,,3619,13,0,54 55,0,15,,5663,13,0,54 55,0,55,,1170,13,0,54 55,0,15,,4852,13,0,54 55,0,15,,4556,13,0,54 55,0,15,,4976,13,0,54 55,0,55,,5660,13,0,54 55,0,15,,5673,13,0,54 55,0,15,,405,13,0,54 55,0,15,,2498,13,0,54 55,0,50,,4037,13,0,54 55,0,10,,5282,13,0,54 55,0,10,,1070,13,0,54 55,0,10,,5662,13,0,54 55,0,10,,5611,13,0,54 55,0,10,,5253,13,0,54 55,0,50,,5647,13,0,54 55,0,10,,5668,13,0,54 55,0,10,,5262,13,0,54 55,0,10,,5616,13,0,54 55,0,10,,5631,13,0,54 55,0,10,,999,13,0,54 55,0,50,,544,13,0,54 55,0,10,,3777,13,0,54 55,0,10,,5617,13,0,54 55,0,10,,2988,13,0,54 55,0,10,,5674,13,0,54 55,0,10,,1151,13,0,54 55,0,50,,5604,13,0,54 55,0,10,,5636,13,0,54 55,0,10,,5608,13,0,54 55,0,10,,5665,13,0,54 55,0,10,,5599,13,0,54 55,0,60,,5609,13,0,54 55,0,30,,3600,13,0,54 55,0,70,,5651,13,0,54 55,0,30,,3502,13,0,54 55,0,70,,3303,13,0,54 55,0,30,,974,13,0,54 55,0,70,,5632,13,0,54 55,0,30,,5121,13,0,54 55,0,70,,2080,13,0,54 55,0,32,,5664,13,0,54 56,0
101,'2',705,,5704,13,0,54 55,0,30,,4935,13,0,54 55,0,71,,5732,13,0,54 55,0,29,,1772,13,0,54 55,0,70,,5702,13,0,54 55,0,30,,5723,13,0,54 55,0,70,,5689,13,0,54 55,0,30,,5693,13,0,54 55,0,70,,5683,13,0,54 55,0,30,,5697,13,0,54 55,0,70,,5686,13,0,54 55,0,30,,5679,13,0,54 55,0,70,,5713,13,0,54 55,0,30,,5727,13,0,54 55,0,70,,5726,13,0,54 55,0,30,,3995,13,0,54 55,0,70,,5731,13,0,54 55,0,30,,5705,13,0,54 55,0,70,,5711,13,0,54 55,0,30,,5682,13,0,54 55,0,70,,5694,13,0,54 55,0,30,,5699,13,0,54 55,0,70,,4069,13,0,54 55,0,30,,4628,13,0,54 55,0,70,,5716,13,0,54 55,0,30,,5706,13,0,54 55,0,70,,5730,13,0,54 55,0,30,,5729,13,0,54 55,0,70,,5719,13,0,54 55,0,30,,5688,13,0,54 55,0,70,,5709,13,0,54 55,0,30,,5690,13,0,54 55,0,70,,5724,13,0,54 55,0,32,,5733,13,0,54 56,0
101,'3',805,,4181,13,0,54 55,0,30,,5744,13,0,54 55,0,71,,4824,13,0,54 55,0,29,,5748,13,0,54 55,0,70,,5763,13,0,54 55,0,30,,5770,13,0,54 55,0,70,,5735,13,0,54 55,0,30,,5760,13,0,54 55,0,70,,5749,13,0,54 55,0,30,,5742,13,0,54 55,0,70,,5297,13,0,54 55,0,30,,5747,13,0,54 55,0,70,,4182,13,0,54 55,0,30,,5762,13,0,54 55,0,70,,5758,13,0,54 55,0,30,,5757,13,0,54 55,0,70,,5759,13,0,54 55,0,30,,5767,13,0,54 55,0,70,,5773,13,0,54 55,0,30,,5764,13,0,54 55,0,70,,5765,13,0,54 55,0,30,,5772,13,0,54 55,0,70,,5769,13,0,54 55,0,30,,5750,13,0,54 55,0
401,'1',624,,2119,21,0,52 19 20,0,25,,4710,21,0,52 19 20,0,62,,5921,21,0,52 19 20,0,24,,5933,21,0,52 19 20,0,24,,5937,21,0,52 19 20,0,65,,5931,21,0,52 19 20,0,25,,5925,21,0,52 19 20,0,65,,4023,21,0,52 19 20,0,44,,4162,21,0,52 19 20,0,67,,5938,21,0,52 19 20,0,25,,4751,21,0,52 19 20,0,81,,5936,21,0,52 19 20,0,70,,931,21,0,52 19 20,0,25,,5930,21,0,52 19 20,0,81,,5935,21,0,52 19 20,0,30,,5932,21,0,52 19 20,0,65,,5924,21,0,52 19 20,0,41,,1846,21,0,52 19 20,0,73,,5929,21,0,52 19 20,0,23,,5934,21,0,52 19 20,0,73,,247,21,0,52 19 20,0,18,,419,21,0,52 19 20,0,74,,3738,21,0,52 19 20,0,24,,2577,21,0,52 19 20,0,76,,5920,21,0,52 19 20,0,20,,5926,21,0,52 19 20,0,30,,5922,21,0,52 19 20,0,64,,5923,21,0,52 19 20,0,30,,5927,21,0,52 19 20,0,103,,4756,21,0,52 19 20,0,81,,4597,21,0,52 19 20,0,99,,693,21,0,52 19 20,0,75,,5928,21,0,52 19 20,0,35,,3252,21,0,52 19 20,0
401,'2',752,,5943,21,0,52 19 20,0,100,,5948,21,0,52 19 20,0,100,,5946,21,0,52 19 20,0,100,,5939,21,0,52 19 20,0,100,,5942,21,0,52 19 20,0,100,,5947,21,0,52 19 20,0,100,,4202,21,0,52 19 20,0,100,,5950,21,0,52 19 20,0,100,,5940,21,0,52 19 20,0,100,,5944,21,0,52 19 20,0,100,,5951,21,0,52 19 20,0,100,,4970,21,0,52 19 20,0,100,,5949,21,0,52 19 20,0,100,,5941,21,0,52 19 20,0,100,,5945,21,0,52 19 20,0,100,,4244,21,0,52 19 20,0
401,'3',852,,5127,21,0,52 19 20,0,100,,4302,21,0,52 19 20,0,100,,5959,21,0,52 19 20,0,100,,5955,21,0,52 19 20,0,100,,5960,21,0,52 19 20,0,100,,5961,21,0,52 19 20,0,100,,5954,21,0,52 19 20,0,100,,5952,21,0,52 19 20,0,100,,5957,21,0,52 19 20,0,100,,5956,21,0,52 19 20,0,100,,5953,21,0,52 19 20,0,98,,5958,21,0,21 20,0
1000,'1',735,,702,20,,,0,70,,6351,20,,,0,30,,6352,20,,,0,70,,1926,20,,,0,30,,6344,20,,,0,70,,116,20,,,0,30,,6350,20,,,0,472,,6349,30,,,0,30,,1283,30,,,0,70,,3744,30,,,0,30,,6346,30,,,0,70,,6345,30,,,0,30,,6347,30,,,0,70,,6348,30,,,0
1501,'1',637,,6650,39,,,0,77,,6649,39,,,0,35,,4536,39,,,0,75,,6657,39,,,0,32,,4252,39,,,0,78,,1421,39,,,0,72,,6645,39,,,0,30,,6655,39,,,0,72,,6651,39,,,0,32,,690,39,,,0,72,,6646,39,,,0,32,,4387,39,,,0,72,,6660,39,,,0,32,,6654,39,,,0,69,,6652,39,,,0,35,,6653,39,,,0,72,,5151,39,,,0,32,,6648,39,,,0,79,,6659,39,,,0,75,,6647,39,,,0,35,,4035,39,,,0,75,,1638,39,,,0,85,,6656,39,,,0,32,,4019,39,,,0,70,,6661,39,,,0,102,,6658,39,,,0
1501,'2',737,,6664,39,,,0,100,,6669,39,,,0,100,,4205,39,,,0,100,,2072,39,,,0,100,,6665,39,,,0,100,,4590,39,,,0,100,,6663,39,,,0,100,,6662,39,,,0,100,,6670,39,,,0,100,,6667,39,,,0,100,,6668,39,,,0,100,,5384,39,,,0,100,,6666,39,,,0,100,,6671,39,,,0
1501,'3',837,,6677,39,,,0,100,,6678,39,,,0,100,,4876,39,,,0,100,,6676,39,,,0,100,,6675,39,,,0,100,,4332,39,,,0,100,,5354,39,,,0,100,,5158,39,,,0,100,,6672,39,,,0,100,,6673,39,,,0,100,,6674,39,,,0,100,,4697,39,,,0
1800,'1',637,,6681,26,,,0,70,,2584,26,,,0,30,,2578,26,,,0,70,,2855,26,,,0,30,,6689,26,,,0,70,,6686,26,,,0,30,,126,26,,,0,70,,104,26,,,0,30,,6682,26,,,0,70,,3181,26,,,0,30,,6679,26,,,0,70,,6687,26,,,0,30,,2032,26,,,0,70,,6683,26,,,0,30,,6684,26,,,0,70,,4557,26,,,0,30,,3779,26,,,0,70,,6685,26,,,0,30,,5051,26,,,0,70,,1523,26,,,0,30,,4982,26,,,0,70,,6680,26,,,0,30,,6690,26,,,0,70,,2589,26,,,0,30,,3841,26,,,0,70,,4093,26,,,0,30,,3431,26,,,0,70,,4102,26,,,0,30,,5060,26,,,0,100,,6688,26,,,0
1800,'2',737,,6700,26,,,0,100,,5040,26,,,0,100,,6699,26,,,0,100,,6697,26,,,0,100,,4191,26,,,0,100,,6694,26,,,0,100,,6698,26,,,0,100,,6691,26,,,0,100,,6696,26,,,0,100,,6693,26,,,0,100,,6692,26,,,0,100,,6695,26,,,0,100,,4967,26,,,0
1800,'3',837,,6712,26,,,0,100,,6709,26,,,0,100,,6708,26,,,0,100,,6707,26,,,0,100,,6704,26,,,0,100,,6701,26,,,0,100,,6711,26,,,0,100,,6702,26,,,0,100,,6705,26,,,0,100,,6710,26,,,0,100,,6703,26,,,0,100,,6706,26,,,0
2800,'1',637,,1323,39,,,0,70,,1694,39,,,0,30,,2503,39,,,0,70,,2775,39,,,0,30,,6895,39,,,0,70,,2377,39,,,0,30,,3257,39,,,0,70,,6908,39,,,0,30,,6900,39,,,0,70,,4216,39,,,0,30,,2517,39,,,0,70,,6907,39,,,0,30,,1800,39,,,0,70,,3908,39,,,0,30,,6897,39,,,0,70,,5227,39,,,0,30,,6901,39,,,0,70,,6896,39,,,0,30,,3742,39,,,0,70,,6904,39,,,0,30,,3105,39,,,0,70,,6906,39,,,0,30,,6902,39,,,0,73,,6898,39,,,0,27,,4665,39,,,0,70,,6905,39,,,0,30,,6909,39,,,0,70,,2120,39,,,0,100,,6899,39,,,0,131,,6903,39,,,0
2800,'2',707,,6917,36,,,0,100,,6915,39,,,0,100,,6910,39,,,0,100,,6911,39,,,0,100,,4360,39,,,0,100,,6913,39,,,0,100,,4278,39,,,0,100,,6916,39,,,0,100,,3308,39,,,0,100,,6918,39,,,0,100,,6914,39,,,0,100,,4591,39,,,0,100,,4968,39,,,0,100,,6912,39,,,0
2800,'3',807,,4816,36,,,0,100,,6920,39,,,0,100,,5283,39,,,0,100,,6921,39,,,0,100,,2954,39,,,0,100,,6922,39,,,0,100,,6924,39,,,0,100,,6927,39,,,0,100,,6926,39,,,0,100,,6925,39,,,0,100,,6923,39,,,0,100,,6919,39,,,0,100,,6928,39,,,0
8301,'1',1512,,7062,26,,,0
