101,'1',542,,5653,2,,,0,10,,3302,2,,,0,50,,2999,2,,,0,10,,5600,2,,,0,10,,5639,2,,,0,10,,5677,2,,,0,10,,5633,2,,,0,10,,4564,2,,,0,50,,2263,2,,,0,10,,5603,2,,,0,10,,5622,2,,,0,10,,3191,2,,,0,10,,5637,2,,,0,10,,5642,2,,,0,50,,5641,2,,,0,10,,5640,2,,,0,10,,5676,2,,,0,10,,4810,2,,,0,10,,5613,2,,,0,10,,1915,2,,,0,50,,4802,2,,,0,10,,986,2,,,0,20,,5598,2,,,0,10,,1418,2,,,0,60,,2581,2,,,0,10,,4811,2,,,0,20,,2265,2,,,0,15,,5649,2,,,0,55,,5411,2,,,0,15,,5606,2,,,0,15,,5627,2,,,0,15,,5657,2,,,0,55,,5618,2,,,0,15,,2673,2,,,0,15,,5597,2,,,0,15,,5644,2,,,0,55,,5624,2,,,0,15,,713,2,,,0,15,,5610,2,,,0,15,,5623,2,,,0,55,,5628,2,,,0,15,,5672,2,,,0,15,,5671,2,,,0,15,,5607,2,,,0,55,,5669,2,,,0,10,,5675,2,,,0,10,,2987,2,,,0,10,,5017,2,,,0,10,,1059,2,,,0,10,,5648,2,,,0,50,,5643,2,,,0,10,,403,2,,,0,10,,5634,2,,,0,10,,5656,2,,,0,10,,2716,2,,,0,10,,5615,2,,,0,50,,5678,2,,,0,10,,4422,2,,,0,10,,5625,2,,,0,10,,5635,2,,,0,10,,4948,2,,,0,10,,3749,2,,,0,50,,4637,2,,,0,10,,2669,2,,,0,10,,3566,2,,,0,10,,2971,2,,,0,10,,5602,2,,,0,10,,3004,2,,,0,60,,5061,2,,,0,30,,5629,2,,,0,70,,4575,2,,,0,30,,2714,2,,,0,70,,5621,2,,,0,30,,981,2,,,0,70,,3212,2,,,0,30,,5614,2,,,0,70,,5638,2,,,0,30,,5664,15,0,54 56,0
101,'2',642,,5037,2,,,0,70,,4513,2,,,0,30,,5708,2,,,0,70,,5707,2,,,0,30,,5710,2,,,0,70,,5701,2,,,0,30,,4366,2,,,0,70,,5082,2,,,0,30,,5691,2,,,0,70,,5721,2,,,0,30,,5692,2,,,0,70,,4280,2,,,0,30,,5720,2,,,0,70,,5715,2,,,0,30,,5714,2,,,0,70,,5315,2,,,0,30,,5725,2,,,0,70,,5695,2,,,0,30,,5685,2,,,0,70,,4529,2,,,0,30,,5728,2,,,0,70,,5687,2,,,0,30,,4626,2,,,0,70,,5722,2,,,0,30,,5712,2,,,0,70,,5718,2,,,0,30,,5700,2,,,0,70,,5696,2,,,0,30,,5680,2,,,0,70,,5717,2,,,0,30,,5681,2,,,0,70,,5698,2,,,0,30,,5684,2,,,0,70,,5703,2,,,0,28,,5733,15,0,54 56,0
101,'3',742,,5736,2,,,0,70,,5743,2,,,0,30,,5753,2,,,0,70,,5755,2,,,0,30,,5740,2,,,0,70,,5738,2,,,0,30,,4991,2,,,0,70,,5761,2,,,0,30,,5768,2,,,0,70,,5756,2,,,0,30,,5739,2,,,0,70,,5766,2,,,0,30,,3691,2,,,0,70,,5741,2,,,0,30,,5751,2,,,0,70,,4267,2,,,0,30,,5745,2,,,0,70,,5070,2,,,0,30,,5737,2,,,0,70,,4770,2,,,0,30,,5771,2,,,0,70,,5734,2,,,0,30,,5752,2,,,0,70,,5746,2,,,0,30,,5754,2,,,0
1301,'1',603,,6449,2,,,0,35,,6439,2,,,0,70,,6442,2,,,0,25,,4289,2,,,0,70,,2462,2,,,0,34,,6453,2,,,0,70,,4649,2,,,0,30,,6438,2,,,0,65,,6451,2,,,0,25,,4653,2,,,0,25,,4979,2,,,0,65,,6440,2,,,0,25,,6457,2,,,0,65,,6441,2,,,0,25,,6460,2,,,0,25,,6455,2,,,0,65,,6456,2,,,0,25,,321,2,,,0,66,,2027,2,,,0,25,,4544,2,,,0,70,,6450,2,,,0,30,,6443,2,,,0,15,,5024,2,,,0,65,,4561,2,,,0,30,,6447,2,,,0,70,,6454,2,,,0,30,,6444,2,,,0,70,,6452,2,,,0,29,,6446,2,,,0,66,,6459,2,,,0,26,,5273,2,,,0,66,,5389,2,,,0,26,,6458,2,,,0,26,,4031,2,,,0,66,,4652,2,,,0,26,,6461,2,,,0,66,,6448,2,,,0,26,,202,2,,,0,66,,6445,2,,,0
1301,'2',743,,4142,2,,,0,100,,6470,2,,,0,100,,6475,2,,,0,100,,6471,2,,,0,100,,6469,2,,,0,100,,6462,2,,,0,100,,6466,2,,,0,100,,6467,2,,,0,100,,6464,2,,,0,100,,6463,2,,,0,100,,6472,2,,,0,100,,6465,2,,,0,100,,6474,2,,,0,100,,6473,2,,,0,100,,6468,2,,,0
1301,'3',843,,6478,2,,,0,100,,6481,2,,,0,100,,6479,2,,,0,100,,6480,2,,,0,100,,6477,2,,,0,100,,6483,2,,,0,100,,4468,2,,,0,100,,5029,2,,,0,100,,6476,2,,,0,100,,6484,2,,,0,100,,6482,2,,,0
1900,'1',606,,6751,2,,,0,32,,6745,2,,,0,68,,6746,2,,,0,30,,6752,2,,,0,71,,6758,2,,,0,29,,4105,2,,,0,67,,2170,2,,,0,30,,6761,2,,,0,24,,3186,2,,,0,67,,6764,2,,,0,29,,6759,2,,,0,64,,3966,2,,,0,27,,6753,2,,,0,69,,6747,2,,,0,24,,6763,2,,,0,67,,6756,2,,,0,29,,6755,2,,,0,20,,6749,2,,,0,71,,2514,2,,,0,29,,6748,2,,,0,70,,6762,2,,,0,27,,2870,2,,,0,70,,6754,2,,,0,30,,771,2,,,0,67,,4713,2,,,0,30,,6760,2,,,0,70,,108,2,,,0,27,,4158,2,,,0,70,,4889,2,,,0,27,,6757,2,,,0,67,,1860,2,,,0,30,,3696,2,,,0,90,,420,2,,,0,30,,5088,2,,,0,90,,6750,2,,,0,70,,1630,2,,,0
1900,'2',742,,5146,2,,,0,100,,6769,2,,,0,100,,6771,2,,,0,100,,6773,2,,,0,100,,6768,2,,,0,100,,6767,2,,,0,100,,5143,2,,,0,100,,6765,2,,,0,100,,5041,2,,,0,100,,6774,2,,,0,100,,5006,2,,,0,100,,6766,2,,,0,100,,6770,2,,,0,100,,6772,2,,,0
1900,'3',842,,6779,2,,,0,100,,6784,2,,,0,100,,6783,2,,,0,100,,6778,2,,,0,100,,6782,2,,,0,100,,6775,2,,,0,100,,6781,2,,,0,100,,6777,2,,,0,100,,6776,2,,,0,100,,6780,2,,,0,100,,6785,2,,,0,100,,6786,2,,,0
2000,'1',611,,4712,2,,,0,35,,5023,2,,,0,75,,6839,2,,,0,35,,224,2,,,0,75,,6830,2,,,0,75,,4951,2,,,0,35,,4008,2,,,0,70,,4426,2,,,0,30,,6834,2,,,0,70,,251,2,,,0,30,,6836,2,,,0,70,,6835,2,,,0,30,,6829,2,,,0,70,,6832,2,,,0,30,,2601,2,,,0,70,,6840,2,,,0,30,,6842,2,,,0,77,,6833,2,,,0,87,,4888,2,,,0,34,,2843,2,,,0,76,,6828,2,,,0,42,,1150,2,,,0,71,,6838,2,,,0,84,,2450,2,,,0,30,,6841,2,,,0,101,,6831,2,,,0,68,,542,2,,,0,30,,1069,2,,,0,100,,6837,2,,,0
2000,'2',741,,6843,2,,,0,100,,6845,2,,,0,100,,4998,2,,,0,100,,3858,2,,,0,100,,6844,2,,,0,100,,1041,2,,,0,100,,6848,2,,,0,100,,6847,2,,,0,100,,6850,2,,,0,100,,6849,2,,,0,100,,5368,2,,,0,100,,4938,2,,,0,100,,6846,2,,,0
2000,'3',841,,6851,2,,,0,100,,4324,2,,,0,100,,6852,2,,,0,100,,6858,2,,,0,100,,6853,2,,,0,100,,6854,2,,,0,100,,5204,2,,,0,100,,3067,2,,,0,100,,6856,2,,,0,100,,6855,2,,,0,100,,6857,2,,,0,100,,6859,2,,,0
2601,'1',1747,,6894,2,,,0
12001,'1',636,,7081,2,0,37 1 38,0,70,,4607,2,0,37 1 38,0,30,,7077,2,0,37 1 38,0,70,,5278,2,0,37 1 38,0,30,,4893,2,0,37 1 38,0,70,,7078,2,0,37 1 38,0,100,,7076,2,0,37 1 38,0,500,,7079,2,0,37 1 38,0,30,,5337,2,0,37 1 38,0,65,,7080,2,0,37 1 38,0,26,,4562,2,0,37 1 38,0,79,,193,2,0,37 1 38,0,25,,3459,2,0,37 1 38,0,75,,7082,2,0,37 1 38,0
