400,'1',845,,4230,28,0,53 45 20,0,100,,4235,28,0,53 45 20,0,100,,4229,28,0,53 45 20,0,100,,4228,28,0,53 45 20,0,100,,4233,28,0,53 45 20,0,100,,4231,28,0,53 45 20,0,100,,2758,28,0,53 45 20,0,100,,4232,28,0,53 45 20,0,100,,4226,28,0,53 45 20,0,100,,4234,28,0,53 45 20,0,100,,4236,28,0,53 45 20,0,100,,4227,28,0,53 45 20,0
400,'2',745,,4243,28,0,53 45 20,0,100,,4241,28,0,53 45 20,0,100,,3041,28,0,53 45 20,0,100,,3608,28,0,53 45 20,0,100,,3607,28,0,53 45 20,0,100,,4245,28,0,53 45 20,0,100,,3634,28,0,53 45 20,0,100,,4246,28,0,53 45 20,0,100,,2917,28,0,53 45 20,0,100,,3150,28,0,53 45 20,0,100,,4242,28,0,53 45 20,0,100,,4240,28,0,53 45 20,0,100,,4247,28,0,53 45 20,0,100,,4238,28,0,53 45 20,0,100,,4244,28,0,53 45 20,0,100,,4237,28,0,53 45 20,0
400,'3',646,,4249,28,0,53 45 20,0,74,,4259,28,0,53 45 20,0,27,,4250,28,0,53 45 20,0,59,,2449,28,0,53 45 20,0,31,,1055,28,0,53 45 20,0,20,,4248,28,0,53 45 20,0,64,,2358,28,0,53 45 20,0,26,,1903,28,0,53 45 20,0,65,,937,28,0,53 45 20,0,44,,4253,28,0,53 45 20,0,67,,4257,28,0,53 45 20,0,25,,196,28,0,53 45 20,0,81,,2517,28,0,53 45 20,0,30,,1743,28,0,53 45 20,0,65,,2267,28,0,53 45 20,0,81,,2495,28,0,53 45 20,0,30,,4251,28,0,53 45 20,0,65,,713,28,0,53 45 20,0,47,,4258,28,0,53 45 20,0,75,,4256,28,0,53 45 20,0,23,,3622,28,0,53 45 20,0,73,,4254,28,0,53 45 20,0,20,,3354,28,0,53 45 20,0,75,,1186,28,0,53 45 20,0,21,,4252,28,0,53 45 20,0,77,,132,28,0,53 45 20,0,19,,130,28,0,53 45 20,0,24,,1145,28,0,53 45 20,0,64,,344,28,0,53 45 20,0,28,,778,28,0,53 45 20,0,103,,3657,28,0,53 45 20,0,81,,4260,28,0,53 45 20,0,99,,4255,28,0,53 45 20,0,75,,3466,28,0,53 45 20,0
1001,'3',643,,4652,4,,,0,70,,4659,4,,,0,30,,3181,4,,,0,70,,4657,4,,,0,30,,4653,4,,,0,70,,1846,4,,,0,30,,1927,4,,,0,475,,4654,4,,,0,30,,2075,4,,,0,70,,1928,4,,,0,30,,4658,4,,,0,70,,743,4,,,0,30,,4656,4,,,0,70,,4655,4,,,0
1400,'1',844,,3341,4,,,0,100,,2642,4,,,0,100,,4769,4,,,0,100,,4766,4,,,0,100,,4773,4,,,0,100,,4765,4,,,0,100,,3288,4,,,0,100,,1756,4,,,0,100,,4772,4,,,0,100,,4768,4,,,0,100,,4770,4,,,0
1400,'2',744,,4784,4,,,0,100,,4783,4,,,0,100,,4798,4,,,0,100,,4788,4,,,0,100,,4791,4,,,0,100,,4790,4,,,0,100,,4799,4,,,0,100,,4781,4,,,0,100,,4796,4,,,0,100,,4786,4,,,0,100,,3922,4,,,0,100,,2895,4,,,0,100,,4785,4,,,0
1400,'3',630,,1421,4,,,0,70,,2363,4,,,0,30,,2173,4,,,0,70,,3910,4,,,0,30,,4808,4,,,0,85,,2498,4,,,0,99,,2579,4,,,0,100,,1105,4,,,0,100,,116,4,,,0,100,,1289,4,,,0,100,,4812,4,,,0,102,,4802,4,,,0,106,,4813,4,,,0,30,,1213,4,,,0,70,,2106,4,,,0,30,,4809,4,,,0,70,,4801,4,,,0,24,,3780,4,,,0,98,,4804,4,,,0
1500,'1',844,,4869,4,,,0,100,,4870,4,,,0,100,,4876,4,,,0,100,,3553,4,,,0,100,,4875,4,,,0,100,,4877,4,,,0,100,,4868,4,,,0,100,,4874,4,,,0,100,,4872,4,,,0,100,,4873,4,,,0,100,,3647,4,,,0,100,,4871,4,,,0
1500,'2',744,,4883,4,,,0,100,,4881,4,,,0,100,,4885,4,,,0,100,,3795,4,,,0,100,,2618,4,,,0,100,,4882,4,,,0,100,,1041,4,,,0,100,,4884,4,,,0,100,,4886,4,,,0,100,,1558,4,,,0,100,,4879,4,,,0,100,,4880,4,,,0,100,,4878,4,,,0
1500,'3',614,,3104,4,,,0,35,,1207,4,,,0,75,,998,4,,,0,32,,4893,4,,,0,78,,2871,4,,,0,75,,1184,4,,,0,32,,4892,4,,,0,72,,4889,4,,,0,32,,4894,4,,,0,72,,3653,4,,,0,32,,4887,4,,,0,72,,1124,4,,,0,32,,764,4,,,0,69,,3011,4,,,0,35,,260,4,,,0,66,,4895,4,,,0,78,,1151,4,,,0,34,,4890,4,,,0,75,,4891,4,,,0,35,,2233,4,,,0,75,,1512,4,,,0,85,,4888,4,,,0,30,,1859,4,,,0,75,,2840,4,,,0,104,,2365,4,,,0
1801,'1',814,,4960,4,,,0,100,,4957,4,,,0,100,,4956,4,,,0,100,,4958,4,,,0,100,,4961,4,,,0,100,,3138,4,,,0,100,,1759,4,,,0,100,,4963,4,,,0,100,,2656,4,,,0,100,,4962,4,,,0,100,,1467,4,,,0,100,,4959,4,,,0
1801,'2',714,,3715,4,,,0,100,,4969,4,,,0,100,,3443,4,,,0,100,,4972,4,,,0,100,,4965,4,,,0,100,,1713,4,,,0,100,,4964,4,,,0,100,,4967,4,,,0,100,,4968,4,,,0,100,,4970,4,,,0,100,,4966,4,,,0,100,,4971,4,,,0,100,,3763,4,,,0
1801,'3',614,,4981,4,,,0,30,,3848,4,,,0,70,,4973,4,,,0,30,,4985,4,,,0,70,,3008,4,,,0,30,,1665,4,,,0,70,,2503,4,,,0,30,,3346,4,,,0,70,,3264,4,,,0,30,,4986,4,,,0,70,,4978,4,,,0,30,,1050,4,,,0,70,,1283,4,,,0,30,,4983,4,,,0,70,,1800,4,,,0,30,,4984,4,,,0,70,,1630,4,,,0,30,,4979,4,,,0,70,,4977,4,,,0,30,,4974,4,,,0,76,,3729,4,,,0,30,,4980,4,,,0,70,,4976,4,,,0,30,,917,4,,,0,70,,1799,4,,,0,24,,3191,4,,,0,70,,775,4,,,0,100,,4975,4,,,0,100,,4982,4,,,0
2801,'1',844,,3335,4,,,0,100,,5164,4,,,0,100,,5160,4,,,0,100,,5162,4,,,0,100,,5158,4,,,0,100,,5163,4,,,0,100,,5161,4,,,0,100,,1466,4,,,0,100,,5159,4,,,0,100,,5165,4,,,0,100,,2572,4,,,0,100,,5167,4,,,0
2801,'2',644,,5172,4,,,0,100,,5175,4,,,0,100,,5176,4,,,0,100,,5178,4,,,0,100,,2698,4,,,0,100,,5173,4,,,0,100,,5170,4,,,0,100,,5168,4,,,0,100,,5169,4,,,0,100,,5171,4,,,0,100,,3874,4,,,0,100,,5174,4,,,0,100,,1474,4,,,0,100,,5177,4,,,0
2801,'3',614,,5181,4,,,0,30,,3193,4,,,0,70,,5180,4,,,0,30,,5187,4,,,0,70,,5182,4,,,0,30,,988,4,,,0,70,,5186,4,,,0,30,,3920,4,,,0,70,,1342,4,,,0,30,,1116,4,,,0,70,,981,4,,,0,30,,3900,4,,,0,70,,3140,4,,,0,30,,5179,4,,,0,70,,2719,4,,,0,30,,5192,4,,,0,70,,1418,4,,,0,30,,1838,4,,,0,70,,5183,4,,,0,30,,5191,4,,,0,76,,419,4,,,0,30,,5185,4,,,0,70,,5188,4,,,0,30,,1330,4,,,0,70,,3733,4,,,0,24,,5184,4,,,0,70,,3836,4,,,0,30,,2376,4,,,0,100,,5189,4,,,0,100,,5190,4,,,0
1001400,'1',814,,5293,4,0,23 24 20,0,100,,5296,4,0,23 24 20,0,100,,5288,4,0,23 24 20,0,100,,5286,4,0,23 24 20,0,100,,3893,4,0,23 24 20,0,100,,5285,4,0,23 24 20,0,100,,5287,4,0,23 24 20,0,100,,5298,4,0,23 24 20,0,100,,1370,4,0,23 24 20,0,100,,5292,4,0,23 24 20,0,100,,5291,4,0,23 24 20,0,100,,3894,4,0,23 24 20,0
1001400,'2',714,,5324,4,0,23 24 20,0,100,,2616,4,0,23 24 20,0,100,,524,4,0,23 24 20,0,100,,3511,4,0,23 24 20,0,100,,2783,4,0,23 24 20,0,100,,5321,4,0,23 24 20,0,100,,5318,4,0,23 24 20,0,100,,2819,4,0,23 24 20,0,100,,5320,4,0,23 24 20,0,100,,5311,4,0,23 24 20,0,100,,3415,4,0,23 24 20,0,100,,5309,4,0,23 24 20,0,100,,5316,4,0,23 24 20,0,100,,5305,4,0,23 24 20,0,100,,5323,4,0,23 24 20,0,100,,5315,4,0,23 24 20,0,130,,5322,4,0,25 3 26,0
1001400,'3',610,,2374,4,0,23 24 20,0,35,,254,4,0,23 24 20,0,70,,5327,4,0,23 24 20,0,30,,5338,4,0,23 24 20,0,70,,3174,4,0,23 24 20,0,30,,693,4,0,23 24 20,0,100,,5342,4,0,23 24 20,0,99,,5336,4,0,23 24 20,0,100,,5326,4,0,23 24 20,0,100,,5341,4,0,23 24 20,0,100,,5345,4,0,23 24 20,0,100,,5346,4,0,23 24 20,0,102,,2243,4,0,23 24 20,0,91,,5334,4,0,23 24 20,0,70,,2505,4,0,23 24 20,0,30,,5340,4,0,23 24 20,0,70,,2162,4,0,23 24 20,0,30,,5325,4,0,23 24 20,0,77,,3654,4,0,23 24 20,0,100,,1905,4,0,23 24 20,0,100,,2999,4,0,23 24 20,0,100,,747,4,0,23 24 20,0,130,,3823,4,0,25 3 26,0
