400,'1',618,,3499,1,0,53 45 20,0,36,,4941,1,0,53 45 20,0,65,,5343,1,0,53 45 20,0,21,,3204,1,0,53 45 20,0,69,,4418,1,0,53 45 20,0,20,,5884,1,0,53 45 20,0,26,,5897,1,0,53 45 20,0,64,,1616,1,0,53 45 20,0,25,,4569,1,0,53 45 20,0,84,,5886,1,0,53 45 20,0,27,,5892,1,0,53 45 20,0,65,,81,1,0,53 45 20,0,81,,5890,1,0,53 45 20,0,30,,1865,1,0,53 45 20,0,25,,430,1,0,53 45 20,0,81,,3650,1,0,53 45 20,0,70,,3249,1,0,53 45 20,0,25,,5410,1,0,53 45 20,0,81,,5887,1,0,53 45 20,0,35,,5888,1,0,53 45 20,0,63,,5896,1,0,53 45 20,0,33,,5889,1,0,53 45 20,0,60,,3823,1,0,53 45 20,0,35,,312,1,0,53 45 20,0,61,,5885,1,0,53 45 20,0,37,,5883,1,0,53 45 20,0,19,,5894,1,0,53 45 20,0,70,,5893,1,0,53 45 20,0,24,,5895,1,0,53 45 20,0,68,,3174,1,0,53 45 20,0,103,,1522,1,0,53 45 20,0,81,,5116,1,0,53 45 20,0,99,,5891,1,0,53 45 20,0,35,,4916,1,0,53 45 20,0
400,'2',722,,5900,1,0,53 45 20,0,100,,5319,1,0,53 45 20,0,100,,5909,1,0,53 45 20,0,100,,5906,1,0,53 45 20,0,100,,5905,1,0,53 45 20,0,100,,5903,1,0,53 45 20,0,100,,5904,1,0,53 45 20,0,100,,4936,1,0,53 45 20,0,100,,5910,1,0,53 45 20,0,100,,5902,1,0,53 45 20,0,100,,5907,1,0,53 45 20,0,100,,5908,1,0,53 45 20,0,100,,4749,1,0,53 45 20,0,100,,5901,1,0,53 45 20,0,100,,5899,1,0,53 45 20,0,100,,5213,1,0,53 45 20,0,100,,5898,1,0,21 20,0
400,'3',822,,3767,1,0,53 45 20,0,100,,4618,1,0,53 45 20,0,100,,5918,1,0,53 45 20,0,100,,5915,1,0,53 45 20,0,100,,5914,1,0,53 45 20,0,100,,5916,1,0,53 45 20,0,100,,5911,1,0,53 45 20,0,100,,5919,1,0,53 45 20,0,100,,5912,1,0,53 45 20,0,100,,5913,1,0,53 45 20,0,100,,5917,1,0,53 45 20,0,100,,2570,1,0,53 45 20,0
401,'1',652,,2119,45,4,,0,65,,4710,45,4,,0,22,,5921,45,4,,0,64,,5933,45,4,,0,24,,5937,45,4,,0,25,,5931,45,4,,0,65,,5925,45,4,,0,25,,4023,45,4,,0,84,,4162,45,4,,0,27,,5938,45,4,,0,65,,4751,45,4,,0,41,,5936,45,4,,0,70,,931,45,4,,0,25,,5930,45,4,,0,81,,5935,45,4,,0,70,,5932,45,4,,0,25,,5924,45,4,,0,81,,1846,45,4,,0,36,,5929,45,4,,0,63,,5934,45,4,,0,33,,247,45,4,,0,58,,419,45,4,,0,34,,3738,45,4,,0,24,,2577,45,4,,0,76,,5920,45,4,,0,20,,5926,45,4,,0,70,,5922,45,4,,0,24,,5923,45,4,,0,67,,5927,45,4,,0,103,,4756,45,4,,0,81,,4597,45,4,,0,59,,693,45,4,,0,75,,5928,45,4,,0,75,,3252,45,4,,0
401,'2',816,,5943,45,4,,0,100,,5948,45,4,,0,100,,5946,45,4,,0,100,,5939,45,4,,0,100,,5942,45,4,,0,100,,5947,45,4,,0,100,,4202,45,4,,0,100,,5950,45,4,,0,100,,5940,45,4,,0,100,,5944,45,4,,0,100,,5951,45,4,,0,100,,4970,45,4,,0,100,,5949,45,4,,0,100,,5941,45,4,,0,100,,5945,45,4,,0,100,,4244,45,4,,0
401,'3',816,,4963,24,4,,0,100,,5127,45,4,,0,100,,4302,45,4,,0,100,,5959,45,4,,0,100,,5955,45,4,,0,100,,5960,45,4,,0,100,,5961,45,4,,0,100,,5954,45,4,,0,100,,5952,45,4,,0,100,,5957,45,4,,0,100,,5956,45,4,,0,100,,5953,45,4,,0
1100,'1',626,,778,1,,,0,100,,4110,1,,,0,100,,2122,1,,,0,100,,4430,1,,,0,100,,6367,1,,,0,100,,1142,1,,,0,100,,2613,1,,,0,100,,4420,1,,,0,100,,6366,1,,,0,100,,3817,1,,,0,104,,6364,1,,,0,111,,2862,1,,,0,100,,4984,1,,,0,100,,779,1,,,0,100,,6368,1,,,0,100,,6365,1,,,0
1101,'1',623,,2878,39,4,,0,100,,6371,39,4,,0,90,,6373,39,4,,0,110,,6372,39,4,,0,100,,4650,39,4,,0,100,,2982,39,4,,0,100,,3263,39,4,,0,100,,5232,39,4,,0,100,,2270,39,4,,0,100,,6376,39,4,,0,100,,6370,39,4,,0,115,,6374,39,4,,0,100,,4388,39,4,,0,100,,5015,39,4,,0,100,,6369,39,4,,0,100,,6375,39,4,,0
1200,'1',625,,6379,1,0,37 1 38,0,30,,6384,1,0,37 1 38,0,70,,6378,1,0,37 1 38,0,30,,6377,1,0,37 1 38,0,70,,2171,1,0,37 1 38,0,30,,6383,1,0,37 1 38,0,670,,6381,1,0,37 1 38,0,30,,6382,1,0,37 1 38,0,70,,4864,1,0,37 1 38,0,26,,6380,1,0,37 1 38,0,74,,4160,1,0,37 1 38,0,26,,3463,1,0,37 1 38,0,74,,2515,1,0,37 1 38,0,30,,4169,1,0,37 1 38,0
1201,'1',620,,6391,19,4,,0,30,,6394,19,4,,0,70,,6389,26,4,,0,30,,6387,26,4,,0,70,,6390,26,4,,0,30,,3620,26,4,,0,70,,4417,26,4,,0,30,,6392,26,4,,0,670,,6385,26,4,,0,30,,2268,26,4,,0,70,,6393,26,4,,0,30,,5186,26,4,,0,70,,6386,26,4,,0,30,,2802,26,4,,0,70,,975,26,4,,0,30,,6388,26,4,,0
