1400,'1',851,,3341,13,,,0,100,,2642,13,,,0,100,,4769,13,,,0,100,,4766,13,,,0,100,,4773,13,,,0,100,,4765,13,,,0,100,,3288,13,,,0,100,,1756,13,,,0,100,,4772,13,,,0,100,,4768,13,,,0,100,,4770,13,,,0
1400,'2',751,,4784,13,,,0,100,,4783,13,,,0,100,,4798,13,,,0,100,,4788,13,,,0,100,,4791,13,,,0,100,,4790,13,,,0,100,,4799,13,,,0,100,,4781,13,,,0,100,,4796,13,,,0,100,,4786,13,,,0,100,,3922,13,,,0,100,,2895,13,,,0,100,,4785,13,,,0
1400,'3',639,,1421,13,,,0,70,,2363,13,,,0,30,,2173,13,,,0,70,,3910,13,,,0,30,,4808,13,,,0,85,,2498,13,,,0,98,,2579,13,,,0,100,,1105,13,,,0,100,,116,13,,,0,100,,1289,13,,,0,100,,4812,13,,,0,104,,4802,13,,,0,106,,4813,13,,,0,70,,1213,13,,,0,30,,2106,13,,,0,70,,4809,13,,,0,30,,4801,13,,,0,24,,3780,13,,,0,96,,4804,13,,,0
1401,'1',823,,4825,15,,,0,100,,4826,15,,,0,100,,2828,15,,,0,100,,4816,15,,,0,100,,4820,15,,,0,100,,4818,15,,,0,100,,4827,15,,,0,100,,4821,15,,,0,100,,4814,15,,,0,100,,3379,15,,,0,100,,4822,15,,,0,100,,2757,15,,,0
1401,'2',723,,190,15,,,0,100,,4838,15,,,0,100,,4831,15,,,0,100,,4842,15,,,0,100,,3045,15,,,0,100,,3633,15,,,0,100,,2638,15,,,0,100,,2924,15,,,0,100,,48,15,,,0,100,,4841,15,,,0,100,,4840,15,,,0,100,,4837,15,,,0,100,,4845,15,,,0,100,,4833,15,,,0
1401,'3',628,,4864,15,,,0,73,,4847,15,,,0,30,,3779,15,,,0,70,,4849,15,,,0,30,,782,15,,,0,70,,3541,15,,,0,30,,4848,15,,,0,92,,4851,15,,,0,100,,4853,15,,,0,100,,3407,15,,,0,100,,4860,15,,,0,100,,3261,15,,,0,100,,4857,15,,,0,111,,4863,15,,,0,100,,1535,15,,,0,70,,4859,15,,,0,30,,1811,15,,,0,70,,4850,15,,,0,30,,4867,15,,,0,89,,3462,15,,,0
1001400,'1',821,,5293,13,0,23 24 20,0,100,,5296,13,0,23 24 20,0,100,,5288,13,0,23 24 20,0,100,,5286,13,0,23 24 20,0,100,,3893,13,0,23 24 20,0,100,,5285,13,0,23 24 20,0,100,,5287,13,0,23 24 20,0,100,,5298,13,0,23 24 20,0,100,,1370,13,0,23 24 20,0,100,,5292,13,0,23 24 20,0,100,,5291,13,0,23 24 20,0,100,,3894,13,0,23 24 20,0
1001400,'2',721,,5324,13,0,23 24 20,0,100,,2616,13,0,23 24 20,0,100,,524,13,0,23 24 20,0,100,,3511,13,0,23 24 20,0,100,,2783,13,0,23 24 20,0,100,,5321,13,0,23 24 20,0,100,,5318,13,0,23 24 20,0,100,,2819,13,0,23 24 20,0,100,,5320,13,0,23 24 20,0,100,,5311,13,0,23 24 20,0,100,,3415,13,0,23 24 20,0,100,,5309,13,0,23 24 20,0,100,,5316,13,0,23 24 20,0,100,,5305,13,0,23 24 20,0,100,,5323,13,0,23 24 20,0,100,,5315,13,0,23 24 20,0,130,,5322,13,0,25 3 26,0
1001400,'3',619,,2374,13,0,23 24 20,0,35,,254,13,0,23 24 20,0,70,,5327,13,0,23 24 20,0,30,,5338,13,0,23 24 20,0,70,,3174,13,0,23 24 20,0,30,,693,13,0,23 24 20,0,100,,5342,13,0,23 24 20,0,98,,5336,13,0,23 24 20,0,100,,5326,13,0,23 24 20,0,100,,5341,13,0,23 24 20,0,100,,5345,13,0,23 24 20,0,100,,5346,13,0,23 24 20,0,104,,2243,13,0,23 24 20,0,91,,5334,13,0,23 24 20,0,70,,2505,13,0,23 24 20,0,30,,5340,13,0,23 24 20,0,70,,2162,13,0,23 24 20,0,30,,5325,13,0,23 24 20,0,75,,3654,13,0,23 24 20,0,100,,1905,13,0,23 24 20,0,100,,2999,13,0,23 24 20,0,100,,747,13,0,23 24 20,0,129,,3823,13,0,25 3 26,0
1001401,'1',853,,3339,15,0,23 21 20,0,100,,792,15,0,23 21 20,0,100,,3947,15,0,23 21 20,0,100,,5362,15,0,23 21 20,0,100,,5355,15,0,23 21 20,0,100,,5361,15,0,23 21 20,0,100,,5348,15,0,23 21 20,0,100,,5351,15,0,23 21 20,0,100,,5349,15,0,23 21 20,0,100,,3948,15,0,23 21 20,0,100,,5360,15,0,23 21 20,0,100,,5358,15,0,23 21 20,0
1001401,'2',753,,5388,15,0,23 21 20,0,100,,1833,15,0,23 21 20,0,100,,2925,15,0,23 21 20,0,100,,5368,15,0,23 21 20,0,100,,3473,15,0,23 21 20,0,100,,5386,15,0,23 21 20,0,100,,1384,15,0,23 21 20,0,100,,5384,15,0,23 21 20,0,100,,5380,15,0,23 21 20,0,100,,2737,15,0,23 21 20,0,100,,5383,15,0,23 21 20,0,100,,5365,15,0,23 21 20,0,100,,1236,15,0,23 21 20,0,100,,5382,15,0,23 21 20,0,100,,5373,15,0,23 21 20,0,100,,5369,15,0,23 21 20,0,95,,5375,15,0,23 21 20,0
1001401,'3',645,,2986,15,0,23 21 20,0,73,,5389,15,0,23 21 20,0,30,,124,15,0,23 21 20,0,70,,2109,15,0,23 21 20,0,30,,708,15,0,23 21 20,0,68,,1420,15,0,23 21 20,0,35,,5391,15,0,23 21 20,0,100,,1047,15,0,23 21 20,0,100,,5407,15,0,23 21 20,0,100,,5401,15,0,23 21 20,0,100,,5409,15,0,23 21 20,0,100,,2102,15,0,23 21 20,0,152,,2343,15,0,23 21 20,0,100,,58,15,0,23 21 20,0,45,,2597,15,0,23 21 20,0,70,,5394,15,0,23 21 20,0,30,,5395,15,0,23 21 20,0,70,,5399,15,0,23 21 20,0,33,,1962,15,0,23 21 20,0,100,,5396,15,0,23 21 20,0,100,,2575,15,0,23 21 20,0,100,,5405,15,0,23 21 20,0,99,,5393,15,0,23 21 20,0
