300,'1',606,,2609,20,,,0,37,,5392,20,,,0,60,,5774,20,,,0,26,,5780,20,,,0,22,,3209,20,,,0,66,,5793,20,,,0,23,,5787,20,,,0,65,,3354,20,,,0,23,,5776,20,,,0,20,,5399,20,,,0,65,,5778,20,,,0,23,,228,20,,,0,20,,5781,20,,,0,65,,5022,20,,,0,23,,5791,20,,,0,60,,5792,20,,,0,25,,5010,20,,,0,23,,5779,20,,,0,60,,5795,20,,,0,25,,2871,20,,,0,63,,5777,20,,,0,20,,4038,20,,,0,25,,5797,20,,,0,63,,5782,20,,,0,20,,5794,20,,,0,27,,5775,20,,,0,63,,5785,20,,,0,25,,5788,20,,,0,70,,5783,20,,,0,22,,1162,20,,,0,16,,5784,20,,,0,70,,4674,20,,,0,27,,1512,20,,,0,64,,5796,20,,,0,29,,5789,20,,,0,12,,5014,20,,,0,63,,4952,20,,,0,29,,4560,20,,,0,103,,5790,20,,,0,108,,5786,20,,,0
300,'2',715,,5810,20,,,0,30,,5801,20,,,0,70,,5819,20,,,0,30,,5812,20,,,0,70,,5818,20,,,0,30,,2895,20,,,0,70,,5820,20,,,0,30,,4845,20,,,0,70,,3868,20,,,0,30,,5806,20,,,0,70,,5800,20,,,0,30,,5809,20,,,0,70,,5817,20,,,0,30,,5804,20,,,0,70,,5798,20,,,0,30,,5807,20,,,0,70,,5816,20,,,0,30,,5799,20,,,0,70,,5808,20,,,0,30,,4503,20,,,0,70,,5802,20,,,0,30,,5805,20,,,0,70,,5803,20,,,0,30,,5813,20,,,0,70,,4342,20,,,0,30,,5815,20,,,0,70,,4135,20,,,0,100,,4240,20,,,0,100,,5811,20,,,0,109,,5814,20,,,0
300,'3',815,,5825,20,,,0,100,,5822,20,,,0,100,,5829,20,,,0,100,,5824,20,,,0,100,,5823,20,,,0,100,,5828,20,,,0,100,,5831,20,,,0,100,,5821,20,,,0,100,,5826,20,,,0,100,,3971,20,,,0,100,,5830,20,,,0,100,,5827,20,,,0
301,'1',608,,2835,9,,,0,20,,5180,9,,,0,24,,5845,9,,,0,64,,5839,9,,,0,26,,3621,9,,,0,63,,4641,9,,,0,22,,1665,9,,,0,26,,5836,9,,,0,62,,5841,9,,,0,25,,5842,9,,,0,63,,4433,9,,,0,20,,2502,9,,,0,25,,1260,9,,,0,63,,5339,9,,,0,20,,704,9,,,0,25,,5837,9,,,0,63,,1799,9,,,0,20,,5844,9,,,0,65,,5840,9,,,0,23,,4679,9,,,0,20,,4953,9,,,0,65,,676,9,,,0,23,,5834,9,,,0,20,,3193,9,,,0,66,,2724,9,,,0,23,,5843,9,,,0,65,,5832,9,,,0,25,,5849,9,,,0,23,,4393,9,,,0,60,,4398,9,,,0,30,,1177,9,,,0,67,,252,9,,,0,20,,5847,9,,,0,66,,5838,9,,,0,22,,5848,9,,,0,23,,4752,9,,,0,69,,5835,9,,,0,103,,5846,9,,,0,108,,5833,9,,,0,108,,4854,9,,,0
301,'2',715,,5861,9,,,0,30,,5864,9,,,0,70,,5851,9,,,0,30,,5869,9,,,0,70,,5862,9,,,0,30,,5856,9,,,0,70,,5872,9,,,0,30,,5850,9,,,0,70,,5867,9,,,0,30,,2819,9,,,0,70,,5858,9,,,0,30,,5865,9,,,0,70,,3311,9,,,0,30,,5866,9,,,0,70,,5860,9,,,0,30,,5855,9,,,0,70,,5168,9,,,0,30,,5863,9,,,0,70,,5854,9,,,0,30,,4742,9,,,0,70,,5871,9,,,0,30,,4526,9,,,0,70,,5870,9,,,0,30,,5853,9,,,0,70,,2555,9,,,0,30,,5859,9,,,0,100,,5857,9,,,0,100,,5852,9,,,0,100,,3929,9,,,0,102,,5868,9,,,0
301,'3',845,,5879,9,,,0,100,,4735,9,,,0,100,,5880,9,,,0,100,,5876,9,,,0,100,,5874,9,,,0,100,,5882,9,,,0,100,,5103,9,,,0,100,,5877,9,,,0,100,,5881,9,,,0,100,,5873,9,,,0,100,,5878,9,,,0,100,,5875,9,,,0
401,'1',606,,2119,2,0,52 19 20,0,25,,4710,2,0,52 19 20,0,22,,5921,2,0,52 19 20,0,66,,5933,2,0,52 19 20,0,20,,5937,2,0,52 19 20,0,67,,5931,2,0,52 19 20,0,25,,5925,2,0,52 19 20,0,25,,4023,2,0,52 19 20,0,84,,4162,2,0,52 19 20,0,67,,5938,2,0,52 19 20,0,25,,4751,2,0,52 19 20,0,81,,5936,2,0,52 19 20,0,30,,931,2,0,52 19 20,0,65,,5930,2,0,52 19 20,0,41,,5935,2,0,52 19 20,0,70,,5932,2,0,52 19 20,0,25,,5924,2,0,52 19 20,0,81,,1846,2,0,52 19 20,0,31,,5929,2,0,52 19 20,0,63,,5934,2,0,52 19 20,0,33,,247,2,0,52 19 20,0,58,,419,2,0,52 19 20,0,34,,3738,2,0,52 19 20,0,64,,2577,2,0,52 19 20,0,36,,5920,2,0,52 19 20,0,60,,5926,2,0,52 19 20,0,30,,5922,2,0,52 19 20,0,24,,5923,2,0,52 19 20,0,72,,5927,2,0,52 19 20,0,103,,4756,2,0,52 19 20,0,77,,4597,2,0,52 19 20,0,103,,693,2,0,52 19 20,0,35,,5928,2,0,52 19 20,0,75,,3252,2,0,52 19 20,0
401,'2',735,,5943,2,0,52 19 20,0,100,,5948,2,0,52 19 20,0,100,,5946,2,0,52 19 20,0,100,,5939,2,0,52 19 20,0,100,,5942,2,0,52 19 20,0,100,,5947,2,0,52 19 20,0,100,,4202,2,0,52 19 20,0,100,,5950,2,0,52 19 20,0,100,,5940,2,0,52 19 20,0,100,,5944,2,0,52 19 20,0,100,,5951,2,0,52 19 20,0,100,,4970,2,0,52 19 20,0,100,,5949,2,0,52 19 20,0,100,,5941,2,0,52 19 20,0,100,,5945,2,0,52 19 20,0,100,,4244,2,0,52 19 20,0
401,'3',835,,5127,2,0,52 19 20,0,100,,4302,2,0,52 19 20,0,100,,5959,2,0,52 19 20,0,100,,5955,2,0,52 19 20,0,100,,5960,2,0,52 19 20,0,100,,5961,2,0,52 19 20,0,100,,5954,2,0,52 19 20,0,100,,5952,2,0,52 19 20,0,100,,5957,2,0,52 19 20,0,100,,5956,2,0,52 19 20,0,100,,5953,2,0,52 19 20,0,100,,5958,2,0,21 20,0
1000,'1',716,,702,2,,,0,30,,6351,2,,,0,70,,6352,2,,,0,30,,1926,2,,,0,70,,6344,2,,,0,30,,116,2,,,0,70,,6350,2,,,0
1800,'1',616,,6681,2,,,0,30,,2584,2,,,0,70,,2578,2,,,0,30,,2855,2,,,0,70,,6689,2,,,0,30,,6686,2,,,0,70,,126,2,,,0,30,,104,2,,,0,70,,6682,2,,,0,30,,3181,2,,,0,70,,6679,2,,,0,30,,6687,2,,,0,70,,2032,2,,,0,30,,6683,2,,,0,70,,6684,2,,,0,30,,4557,2,,,0,70,,3779,2,,,0,30,,6685,2,,,0,70,,5051,2,,,0,30,,1523,2,,,0,70,,4982,2,,,0,30,,6680,2,,,0,70,,6690,2,,,0,30,,2589,2,,,0,70,,3841,2,,,0,30,,4093,2,,,0,70,,3431,2,,,0,30,,4102,2,,,0,70,,5060,2,,,0,100,,6688,2,,,0
1800,'2',716,,6700,2,,,0,100,,5040,2,,,0,100,,6699,2,,,0,100,,6697,2,,,0,100,,4191,2,,,0,100,,6694,2,,,0,100,,6698,2,,,0,100,,6691,2,,,0,100,,6696,2,,,0,100,,6693,2,,,0,100,,6692,2,,,0,100,,6695,2,,,0,100,,4967,2,,,0
1800,'3',816,,6712,2,,,0,100,,6709,2,,,0,100,,6708,2,,,0,100,,6707,2,,,0,100,,6704,2,,,0,100,,6701,2,,,0,100,,6711,2,,,0,100,,6702,2,,,0,100,,6705,2,,,0,100,,6710,2,,,0,100,,6703,2,,,0,100,,6706,2,,,0
2800,'1',608,,1323,2,,,0,30,,1694,2,,,0,70,,2503,2,,,0,30,,2775,2,,,0,70,,6895,2,,,0,30,,2377,2,,,0,70,,3257,2,,,0,30,,6908,2,,,0,70,,6900,2,,,0,30,,4216,2,,,0,70,,2517,2,,,0,30,,6907,2,,,0,70,,1800,2,,,0,30,,3908,2,,,0,70,,6897,2,,,0,30,,5227,2,,,0,70,,6901,2,,,0,30,,6896,2,,,0,70,,3742,2,,,0,30,,6904,2,,,0,70,,3105,2,,,0,30,,6906,2,,,0,70,,6902,2,,,0,33,,6898,2,,,0,67,,4665,2,,,0,30,,6905,2,,,0,70,,6909,2,,,0,30,,2120,2,,,0,100,,6899,2,,,0,172,,6903,2,,,0
2800,'2',738,,6915,2,,,0,100,,6910,2,,,0,100,,6911,2,,,0,100,,4360,2,,,0,100,,6913,2,,,0,100,,4278,2,,,0,100,,6916,2,,,0,100,,3308,2,,,0,100,,6918,2,,,0,100,,6914,2,,,0,100,,4591,2,,,0,100,,4968,2,,,0,100,,6912,2,,,0
2800,'3',838,,6920,2,,,0,100,,5283,2,,,0,100,,6921,2,,,0,100,,2954,2,,,0,100,,6922,2,,,0,100,,6924,2,,,0,100,,6927,2,,,0,100,,6926,2,,,0,100,,6925,2,,,0,100,,6923,2,,,0,100,,6919,2,,,0,100,,6928,2,,,0
