1400,'1',853,,3341,15,,,0,100,,2642,15,,,0,100,,4769,15,,,0,100,,4766,15,,,0,100,,4773,15,,,0,100,,4765,15,,,0,100,,3288,15,,,0,100,,1756,15,,,0,100,,4772,15,,,0,100,,4768,15,,,0,100,,4770,15,,,0
1400,'2',753,,4784,15,,,0,100,,4783,15,,,0,100,,4798,15,,,0,100,,4788,15,,,0,100,,4791,15,,,0,100,,4790,15,,,0,100,,4799,15,,,0,100,,4781,15,,,0,100,,4796,15,,,0,100,,4786,15,,,0,100,,3922,15,,,0,100,,2895,15,,,0,100,,4785,15,,,0
1400,'3',641,,1421,15,,,0,70,,2363,15,,,0,30,,2173,15,,,0,70,,3910,15,,,0,30,,4808,15,,,0,85,,2498,15,,,0,98,,2579,15,,,0,100,,1105,15,,,0,100,,116,15,,,0,100,,1289,15,,,0,100,,4812,15,,,0,104,,4802,15,,,0,106,,4813,15,,,0,70,,1213,15,,,0,30,,2106,15,,,0,70,,4809,15,,,0,30,,4801,15,,,0,24,,3780,15,,,0,96,,4804,15,,,0
1401,'1',825,,4825,17,,,0,100,,4826,17,,,0,100,,2828,17,,,0,100,,4816,17,,,0,100,,4820,17,,,0,100,,4818,17,,,0,100,,4827,17,,,0,100,,4821,17,,,0,100,,4814,17,,,0,100,,3379,17,,,0,100,,4822,17,,,0,100,,2757,17,,,0
1401,'2',725,,190,17,,,0,100,,4838,17,,,0,100,,4831,17,,,0,100,,4842,17,,,0,100,,3045,17,,,0,100,,3633,17,,,0,100,,2638,17,,,0,100,,2924,17,,,0,100,,48,17,,,0,100,,4841,17,,,0,100,,4840,17,,,0,100,,4837,17,,,0,100,,4845,17,,,0,100,,4833,17,,,0
1401,'3',630,,4864,17,,,0,73,,4847,17,,,0,30,,3779,17,,,0,70,,4849,17,,,0,30,,782,17,,,0,70,,3541,17,,,0,30,,4848,17,,,0,92,,4851,17,,,0,100,,4853,17,,,0,100,,3407,17,,,0,100,,4860,17,,,0,100,,3261,17,,,0,100,,4857,17,,,0,111,,4863,17,,,0,100,,1535,17,,,0,70,,4859,17,,,0,30,,1811,17,,,0,70,,4850,17,,,0,30,,4867,17,,,0,89,,3462,17,,,0
1001400,'1',823,,5293,15,0,23 24 20,0,100,,5296,15,0,23 24 20,0,100,,5288,15,0,23 24 20,0,100,,5286,15,0,23 24 20,0,100,,3893,15,0,23 24 20,0,100,,5285,15,0,23 24 20,0,100,,5287,15,0,23 24 20,0,100,,5298,15,0,23 24 20,0,100,,1370,15,0,23 24 20,0,100,,5292,15,0,23 24 20,0,100,,5291,15,0,23 24 20,0,100,,3894,15,0,23 24 20,0
1001400,'2',723,,5324,15,0,23 24 20,0,100,,2616,15,0,23 24 20,0,100,,524,15,0,23 24 20,0,100,,3511,15,0,23 24 20,0,100,,2783,15,0,23 24 20,0,100,,5321,15,0,23 24 20,0,100,,5318,15,0,23 24 20,0,100,,2819,15,0,23 24 20,0,100,,5320,15,0,23 24 20,0,100,,5311,15,0,23 24 20,0,100,,3415,15,0,23 24 20,0,100,,5309,15,0,23 24 20,0,100,,5316,15,0,23 24 20,0,100,,5305,15,0,23 24 20,0,100,,5323,15,0,23 24 20,0,100,,5315,15,0,23 24 20,0,130,,5322,15,0,25 3 26,0
1001400,'3',621,,2374,15,0,23 24 20,0,35,,254,15,0,23 24 20,0,70,,5327,15,0,23 24 20,0,30,,5338,15,0,23 24 20,0,70,,3174,15,0,23 24 20,0,30,,693,15,0,23 24 20,0,100,,5342,15,0,23 24 20,0,98,,5336,15,0,23 24 20,0,100,,5326,15,0,23 24 20,0,100,,5341,15,0,23 24 20,0,100,,5345,15,0,23 24 20,0,100,,5346,15,0,23 24 20,0,104,,2243,15,0,23 24 20,0,91,,5334,15,0,23 24 20,0,70,,2505,15,0,23 24 20,0,30,,5340,15,0,23 24 20,0,70,,2162,15,0,23 24 20,0,30,,5325,15,0,23 24 20,0,75,,3654,15,0,23 24 20,0,100,,1905,15,0,23 24 20,0,100,,2999,15,0,23 24 20,0,100,,747,15,0,23 24 20,0,129,,3823,15,0,25 3 26,0
1001401,'1',755,,3086,2,0,23 21 20,0,100,,3339,17,0,23 21 20,0,100,,792,17,0,23 21 20,0,100,,3947,17,0,23 21 20,0,100,,5362,17,0,23 21 20,0,100,,5355,17,0,23 21 20,0,100,,5361,17,0,23 21 20,0,100,,5348,17,0,23 21 20,0,100,,5351,17,0,23 21 20,0,100,,5349,17,0,23 21 20,0,100,,3948,17,0,23 21 20,0,100,,5360,17,0,23 21 20,0,100,,5358,17,0,23 21 20,0
1001401,'2',655,,5387,2,0,23 21 20,0,100,,5388,17,0,23 21 20,0,100,,1833,17,0,23 21 20,0,100,,2925,17,0,23 21 20,0,100,,5368,17,0,23 21 20,0,100,,3473,17,0,23 21 20,0,100,,5386,17,0,23 21 20,0,100,,1384,17,0,23 21 20,0,100,,5384,17,0,23 21 20,0,100,,5380,17,0,23 21 20,0,100,,2737,17,0,23 21 20,0,100,,5383,17,0,23 21 20,0,100,,5365,17,0,23 21 20,0,100,,1236,17,0,23 21 20,0,100,,5382,17,0,23 21 20,0,100,,5373,17,0,23 21 20,0,100,,5369,17,0,23 21 20,0,95,,5375,17,0,23 21 20,0
1001401,'3',555,,2715,2,0,23 21 20,0,92,,2986,17,0,23 21 20,0,73,,5389,17,0,23 21 20,0,30,,124,17,0,23 21 20,0,70,,2109,17,0,23 21 20,0,30,,708,17,0,23 21 20,0,68,,1420,17,0,23 21 20,0,35,,5391,17,0,23 21 20,0,100,,1047,17,0,23 21 20,0,100,,5407,17,0,23 21 20,0,100,,5401,17,0,23 21 20,0,100,,5409,17,0,23 21 20,0,100,,2102,17,0,23 21 20,0,152,,2343,17,0,23 21 20,0,100,,58,17,0,23 21 20,0,45,,2597,17,0,23 21 20,0,70,,5394,17,0,23 21 20,0,30,,5395,17,0,23 21 20,0,70,,5399,17,0,23 21 20,0,33,,1962,17,0,23 21 20,0,100,,5396,17,0,23 21 20,0,100,,2575,17,0,23 21 20,0,100,,5405,17,0,23 21 20,0,99,,5393,17,0,23 21 20,0
