400,'1',842,,4230,27,0,53 45 20,0,100,,4235,27,0,53 45 20,0,100,,4229,27,0,53 45 20,0,100,,4228,27,0,53 45 20,0,100,,4233,27,0,53 45 20,0,100,,4231,27,0,53 45 20,0,100,,2758,27,0,53 45 20,0,100,,4232,27,0,53 45 20,0,100,,4226,27,0,53 45 20,0,100,,4234,27,0,53 45 20,0,100,,4236,27,0,53 45 20,0,100,,4227,27,0,53 45 20,0
400,'2',742,,4243,27,0,53 45 20,0,100,,4241,27,0,53 45 20,0,100,,3041,27,0,53 45 20,0,100,,3608,27,0,53 45 20,0,100,,3607,27,0,53 45 20,0,100,,4245,27,0,53 45 20,0,100,,3634,27,0,53 45 20,0,100,,4246,27,0,53 45 20,0,100,,2917,27,0,53 45 20,0,100,,3150,27,0,53 45 20,0,100,,4242,27,0,53 45 20,0,100,,4240,27,0,53 45 20,0,100,,4247,27,0,53 45 20,0,100,,4238,27,0,53 45 20,0,100,,4244,27,0,53 45 20,0,100,,4237,27,0,53 45 20,0
400,'3',644,,4249,27,0,53 45 20,0,74,,4259,27,0,53 45 20,0,27,,4250,27,0,53 45 20,0,59,,2449,27,0,53 45 20,0,31,,1055,27,0,53 45 20,0,20,,4248,27,0,53 45 20,0,64,,2358,27,0,53 45 20,0,26,,1903,27,0,53 45 20,0,65,,937,27,0,53 45 20,0,44,,4253,27,0,53 45 20,0,67,,4257,27,0,53 45 20,0,25,,196,27,0,53 45 20,0,81,,2517,27,0,53 45 20,0,30,,1743,27,0,53 45 20,0,65,,2267,27,0,53 45 20,0,81,,2495,27,0,53 45 20,0,30,,4251,27,0,53 45 20,0,25,,713,27,0,53 45 20,0,86,,4258,27,0,53 45 20,0,75,,4256,27,0,53 45 20,0,23,,3622,27,0,53 45 20,0,73,,4254,27,0,53 45 20,0,20,,3354,27,0,53 45 20,0,75,,1186,27,0,53 45 20,0,21,,4252,27,0,53 45 20,0,77,,132,27,0,53 45 20,0,19,,130,27,0,53 45 20,0,25,,1145,27,0,53 45 20,0,64,,344,27,0,53 45 20,0,28,,778,27,0,53 45 20,0,103,,3657,27,0,53 45 20,0,81,,4260,27,0,53 45 20,0,99,,4255,27,0,53 45 20,0,75,,3466,27,0,53 45 20,0
1001,'3',641,,4652,3,,,0,70,,4659,3,,,0,30,,3181,3,,,0,70,,4657,3,,,0,30,,4653,3,,,0,70,,1846,3,,,0,30,,1927,3,,,0,475,,4654,3,,,0,30,,2075,3,,,0,70,,1928,3,,,0,30,,4658,3,,,0,70,,743,3,,,0,30,,4656,3,,,0,70,,4655,3,,,0
1400,'1',841,,3341,3,,,0,100,,2642,3,,,0,100,,4769,3,,,0,100,,4766,3,,,0,100,,4773,3,,,0,100,,4765,3,,,0,100,,3288,3,,,0,100,,1756,3,,,0,100,,4772,3,,,0,100,,4768,3,,,0,100,,4770,3,,,0
1400,'2',741,,4784,3,,,0,100,,4783,3,,,0,100,,4798,3,,,0,100,,4788,3,,,0,100,,4791,3,,,0,100,,4790,3,,,0,100,,4799,3,,,0,100,,4781,3,,,0,100,,4796,3,,,0,100,,4786,3,,,0,100,,3922,3,,,0,100,,2895,3,,,0,100,,4785,3,,,0
1400,'3',626,,1421,3,,,0,30,,2363,3,,,0,70,,2173,3,,,0,30,,3910,3,,,0,70,,4808,3,,,0,85,,2498,3,,,0,100,,2579,3,,,0,100,,1105,3,,,0,100,,116,3,,,0,100,,1289,3,,,0,100,,4812,3,,,0,100,,4802,3,,,0,106,,4813,3,,,0,30,,1213,3,,,0,70,,2106,3,,,0,30,,4809,3,,,0,70,,4801,3,,,0,24,,3780,3,,,0,100,,4804,3,,,0
1500,'1',841,,4869,3,,,0,100,,4870,3,,,0,100,,4876,3,,,0,100,,3553,3,,,0,100,,4875,3,,,0,100,,4877,3,,,0,100,,4868,3,,,0,100,,4874,3,,,0,100,,4872,3,,,0,100,,4873,3,,,0,100,,3647,3,,,0,100,,4871,3,,,0
1500,'2',741,,4883,3,,,0,100,,4881,3,,,0,100,,4885,3,,,0,100,,3795,3,,,0,100,,2618,3,,,0,100,,4882,3,,,0,100,,1041,3,,,0,100,,4884,3,,,0,100,,4886,3,,,0,100,,1558,3,,,0,100,,4879,3,,,0,100,,4880,3,,,0,100,,4878,3,,,0
1500,'3',611,,3104,3,,,0,35,,1207,3,,,0,75,,998,3,,,0,32,,4893,3,,,0,78,,2871,3,,,0,75,,1184,3,,,0,32,,4892,3,,,0,72,,4889,3,,,0,32,,4894,3,,,0,72,,3653,3,,,0,32,,4887,3,,,0,72,,1124,3,,,0,32,,764,3,,,0,69,,3011,3,,,0,35,,260,3,,,0,66,,4895,3,,,0,38,,1151,3,,,0,73,,4890,3,,,0,75,,4891,3,,,0,35,,2233,3,,,0,75,,1512,3,,,0,85,,4888,3,,,0,30,,1859,3,,,0,75,,2840,3,,,0,105,,2365,3,,,0
1801,'1',811,,4960,3,,,0,100,,4957,3,,,0,100,,4956,3,,,0,100,,4958,3,,,0,100,,4961,3,,,0,100,,3138,3,,,0,100,,1759,3,,,0,100,,4963,3,,,0,100,,2656,3,,,0,100,,4962,3,,,0,100,,1467,3,,,0,100,,4959,3,,,0
1801,'2',711,,3715,3,,,0,100,,4969,3,,,0,100,,3443,3,,,0,100,,4972,3,,,0,100,,4965,3,,,0,100,,1713,3,,,0,100,,4964,3,,,0,100,,4967,3,,,0,100,,4968,3,,,0,100,,4970,3,,,0,100,,4966,3,,,0,100,,4971,3,,,0,100,,3763,3,,,0
1801,'3',611,,4981,3,,,0,30,,3848,3,,,0,70,,4973,3,,,0,30,,4985,3,,,0,70,,3008,3,,,0,30,,1665,3,,,0,70,,2503,3,,,0,30,,3346,3,,,0,70,,3264,3,,,0,30,,4986,3,,,0,70,,4978,3,,,0,30,,1050,3,,,0,70,,1283,3,,,0,30,,4983,3,,,0,70,,1800,3,,,0,30,,4984,3,,,0,70,,1630,3,,,0,30,,4979,3,,,0,70,,4977,3,,,0,30,,4974,3,,,0,76,,3729,3,,,0,30,,4980,3,,,0,70,,4976,3,,,0,30,,917,3,,,0,70,,1799,3,,,0,24,,3191,3,,,0,70,,775,3,,,0,100,,4975,3,,,0,100,,4982,3,,,0
2801,'1',841,,3335,3,,,0,100,,5164,3,,,0,100,,5160,3,,,0,100,,5162,3,,,0,100,,5158,3,,,0,100,,5163,3,,,0,100,,5161,3,,,0,100,,1466,3,,,0,100,,5159,3,,,0,100,,5165,3,,,0,100,,2572,3,,,0,100,,5167,3,,,0
2801,'2',641,,5172,3,,,0,100,,5175,3,,,0,100,,5176,3,,,0,100,,5178,3,,,0,100,,2698,3,,,0,100,,5173,3,,,0,100,,5170,3,,,0,100,,5168,3,,,0,100,,5169,3,,,0,100,,5171,3,,,0,100,,3874,3,,,0,100,,5174,3,,,0,100,,1474,3,,,0,100,,5177,3,,,0
2801,'3',611,,5181,3,,,0,30,,3193,3,,,0,70,,5180,3,,,0,30,,5187,3,,,0,70,,5182,3,,,0,30,,988,3,,,0,70,,5186,3,,,0,30,,3920,3,,,0,70,,1342,3,,,0,30,,1116,3,,,0,70,,981,3,,,0,30,,3900,3,,,0,70,,3140,3,,,0,30,,5179,3,,,0,70,,2719,3,,,0,30,,5192,3,,,0,70,,1418,3,,,0,30,,1838,3,,,0,70,,5183,3,,,0,30,,5191,3,,,0,76,,419,3,,,0,30,,5185,3,,,0,70,,5188,3,,,0,30,,1330,3,,,0,70,,3733,3,,,0,24,,5184,3,,,0,70,,3836,3,,,0,30,,2376,3,,,0,100,,5189,3,,,0,100,,5190,3,,,0
1001400,'1',811,,5293,3,0,23 24 20,0,100,,5296,3,0,23 24 20,0,100,,5288,3,0,23 24 20,0,100,,5286,3,0,23 24 20,0,100,,3893,3,0,23 24 20,0,100,,5285,3,0,23 24 20,0,100,,5287,3,0,23 24 20,0,100,,5298,3,0,23 24 20,0,100,,1370,3,0,23 24 20,0,100,,5292,3,0,23 24 20,0,100,,5291,3,0,23 24 20,0,100,,3894,3,0,23 24 20,0
1001400,'2',711,,5324,3,0,23 24 20,0,100,,2616,3,0,23 24 20,0,100,,524,3,0,23 24 20,0,100,,3511,3,0,23 24 20,0,100,,2783,3,0,23 24 20,0,100,,5321,3,0,23 24 20,0,100,,5318,3,0,23 24 20,0,100,,2819,3,0,23 24 20,0,100,,5320,3,0,23 24 20,0,100,,5311,3,0,23 24 20,0,100,,3415,3,0,23 24 20,0,100,,5309,3,0,23 24 20,0,100,,5316,3,0,23 24 20,0,100,,5305,3,0,23 24 20,0,100,,5323,3,0,23 24 20,0,100,,5315,3,0,23 24 20,0,130,,5322,3,0,25 3 26,0
1001400,'3',606,,2374,3,0,23 24 20,0,35,,254,3,0,23 24 20,0,70,,5327,3,0,23 24 20,0,30,,5338,3,0,23 24 20,0,70,,3174,3,0,23 24 20,0,30,,693,3,0,23 24 20,0,100,,5342,3,0,23 24 20,0,100,,5336,3,0,23 24 20,0,100,,5326,3,0,23 24 20,0,100,,5341,3,0,23 24 20,0,100,,5345,3,0,23 24 20,0,100,,5346,3,0,23 24 20,0,100,,2243,3,0,23 24 20,0,91,,5334,3,0,23 24 20,0,70,,2505,3,0,23 24 20,0,30,,5340,3,0,23 24 20,0,70,,2162,3,0,23 24 20,0,30,,5325,3,0,23 24 20,0,79,,3654,3,0,23 24 20,0,100,,1905,3,0,23 24 20,0,100,,2999,3,0,23 24 20,0,100,,747,3,0,23 24 20,0,130,,3823,3,0,25 3 26,0
