300,'1',813,,4131,17,,,0,100,,4132,17,,,0,100,,4124,17,,,0,100,,4126,17,,,0,100,,4128,17,,,0,100,,3163,17,,,0,100,,4134,17,,,0,100,,4127,17,,,0,100,,4129,17,,,0,100,,4125,17,,,0,100,,4133,17,,,0,100,,4130,17,,,0
300,'2',713,,4147,17,,,0,30,,4137,17,,,0,70,,4139,17,,,0,30,,4156,17,,,0,70,,3308,17,,,0,30,,4135,17,,,0,70,,1038,17,,,0,30,,4146,17,,,0,70,,2680,17,,,0,30,,4150,17,,,0,70,,4143,17,,,0,30,,4154,17,,,0,70,,4149,17,,,0,30,,4138,17,,,0,70,,4144,17,,,0,30,,4145,17,,,0,70,,3442,17,,,0,30,,3274,17,,,0,70,,4141,17,,,0,30,,3040,17,,,0,70,,3604,17,,,0,30,,4153,17,,,0,70,,4155,17,,,0,30,,4151,17,,,0,70,,2697,17,,,0,30,,4142,17,,,0,70,,4136,17,,,0,100,,4152,17,,,0,100,,4140,17,,,0,109,,4148,17,,,0
300,'3',604,,4169,17,,,0,37,,4159,17,,,0,60,,4174,17,,,0,26,,719,17,,,0,22,,3844,17,,,0,66,,4170,17,,,0,23,,265,17,,,0,65,,3620,17,,,0,23,,4164,17,,,0,20,,193,17,,,0,65,,1912,17,,,0,23,,4166,17,,,0,20,,4173,17,,,0,65,,4165,17,,,0,23,,2119,17,,,0,60,,4160,17,,,0,25,,3177,17,,,0,23,,3917,17,,,0,60,,4162,17,,,0,25,,2870,17,,,0,23,,4157,17,,,0,60,,544,17,,,0,25,,4171,17,,,0,63,,4167,17,,,0,20,,4172,17,,,0,26,,3400,17,,,0,63,,4163,17,,,0,25,,2734,17,,,0,68,,4158,17,,,0,22,,556,17,,,0,18,,3178,17,,,0,70,,955,17,,,0,27,,4168,17,,,0,62,,4161,17,,,0,28,,2375,17,,,0,16,,3351,17,,,0,63,,992,17,,,0,29,,3502,17,,,0,103,,3258,17,,,0,108,,3254,17,,,0
1001,'3',1432,,4654,19,,,0,70,,2075,19,,,0,30,,1928,19,,,0,70,,4658,19,,,0,30,,743,19,,,0,70,,4656,19,,,0,30,,4655,19,,,0
1801,'1',828,,4960,29,,,0,100,,4957,29,,,0,100,,4956,29,,,0,100,,4958,29,,,0,100,,4961,29,,,0,100,,3138,29,,,0,100,,1759,29,,,0,100,,4963,29,,,0,100,,2656,29,,,0,100,,4962,29,,,0,100,,1467,29,,,0,100,,4959,29,,,0
1801,'2',728,,3715,29,,,0,100,,4969,29,,,0,100,,3443,29,,,0,100,,4972,29,,,0,100,,4965,29,,,0,100,,1713,29,,,0,100,,4964,29,,,0,100,,4967,29,,,0,100,,4968,29,,,0,100,,4970,29,,,0,100,,4966,29,,,0,100,,4971,29,,,0,100,,3763,29,,,0
1801,'3',628,,4981,29,,,0,30,,3848,29,,,0,70,,4973,29,,,0,30,,4985,29,,,0,70,,3008,29,,,0,30,,1665,29,,,0,70,,2503,29,,,0,30,,3346,29,,,0,70,,3264,29,,,0,30,,4986,29,,,0,70,,4978,29,,,0,30,,1050,29,,,0,70,,1283,29,,,0,30,,4983,29,,,0,70,,1800,29,,,0,30,,4984,29,,,0,70,,1630,29,,,0,30,,4979,29,,,0,70,,4977,29,,,0,30,,4974,29,,,0,76,,3729,29,,,0,70,,4980,29,,,0,30,,4976,29,,,0,70,,917,29,,,0,30,,1799,29,,,0,24,,3191,29,,,0,70,,775,29,,,0,100,,4975,29,,,0,100,,4982,29,,,0
2801,'1',807,,5166,30,,,0,100,,3335,38,,,0,100,,5164,38,,,0,100,,5160,38,,,0,100,,5162,38,,,0,100,,5158,38,,,0,100,,5163,38,,,0,100,,5161,38,,,0,100,,1466,38,,,0,100,,5159,38,,,0,100,,5165,38,,,0,100,,2572,38,,,0,100,,5167,38,,,0
2801,'2',707,,5172,38,,,0,100,,5175,38,,,0,100,,5176,38,,,0,100,,5178,38,,,0,100,,2698,38,,,0,100,,5173,38,,,0,100,,5170,38,,,0,100,,5168,38,,,0,100,,5169,38,,,0,100,,5171,38,,,0,100,,3874,38,,,0,100,,5174,38,,,0,100,,1474,38,,,0,100,,5177,38,,,0
2801,'3',637,,5181,38,,,0,70,,3193,38,,,0,30,,5180,38,,,0,70,,5187,38,,,0,30,,5182,38,,,0,70,,988,38,,,0,30,,5186,38,,,0,70,,3920,38,,,0,30,,1342,38,,,0,70,,1116,38,,,0,30,,981,38,,,0,70,,3900,38,,,0,30,,3140,38,,,0,70,,5179,38,,,0,30,,2719,38,,,0,70,,5192,38,,,0,30,,1418,38,,,0,70,,1838,38,,,0,30,,5183,38,,,0,70,,5191,38,,,0,36,,419,38,,,0,70,,5185,38,,,0,30,,5188,38,,,0,70,,1330,38,,,0,30,,3733,38,,,0,64,,5184,38,,,0,30,,3836,38,,,0,70,,2376,38,,,0,100,,5189,38,,,0,100,,5190,38,,,0
