300,'1',814,,4131,18,,,0,100,,4132,18,,,0,100,,4124,18,,,0,100,,4126,18,,,0,100,,4128,18,,,0,100,,3163,18,,,0,100,,4134,18,,,0,100,,4127,18,,,0,100,,4129,18,,,0,100,,4125,18,,,0,100,,4133,18,,,0,100,,4130,18,,,0
300,'2',714,,4147,18,,,0,30,,4137,18,,,0,70,,4139,18,,,0,30,,4156,18,,,0,70,,3308,18,,,0,30,,4135,18,,,0,70,,1038,18,,,0,30,,4146,18,,,0,70,,2680,18,,,0,30,,4150,18,,,0,70,,4143,18,,,0,30,,4154,18,,,0,70,,4149,18,,,0,30,,4138,18,,,0,70,,4144,18,,,0,30,,4145,18,,,0,70,,3442,18,,,0,30,,3274,18,,,0,70,,4141,18,,,0,30,,3040,18,,,0,70,,3604,18,,,0,30,,4153,18,,,0,70,,4155,18,,,0,30,,4151,18,,,0,70,,2697,18,,,0,30,,4142,18,,,0,70,,4136,18,,,0,100,,4152,18,,,0,100,,4140,18,,,0,109,,4148,18,,,0
300,'3',604,,4169,18,,,0,37,,4159,18,,,0,60,,4174,18,,,0,26,,719,18,,,0,22,,3844,18,,,0,66,,4170,18,,,0,23,,265,18,,,0,65,,3620,18,,,0,23,,4164,18,,,0,20,,193,18,,,0,65,,1912,18,,,0,23,,4166,18,,,0,20,,4173,18,,,0,65,,4165,18,,,0,23,,2119,18,,,0,60,,4160,18,,,0,25,,3177,18,,,0,23,,3917,18,,,0,60,,4162,18,,,0,25,,2870,18,,,0,23,,4157,18,,,0,60,,544,18,,,0,25,,4171,18,,,0,63,,4167,18,,,0,20,,4172,18,,,0,26,,3400,18,,,0,63,,4163,18,,,0,25,,2734,18,,,0,69,,4158,18,,,0,22,,556,18,,,0,17,,3178,18,,,0,70,,955,18,,,0,27,,4168,18,,,0,63,,4161,18,,,0,29,,2375,18,,,0,14,,3351,18,,,0,63,,992,18,,,0,29,,3502,18,,,0,103,,3258,18,,,0,108,,3254,18,,,0
301,'1',843,,4185,7,,,0,100,,4184,7,,,0,100,,4181,7,,,0,100,,4182,7,,,0,100,,4177,7,,,0,100,,4183,7,,,0,100,,4175,7,,,0,100,,4179,7,,,0,100,,1087,7,,,0,100,,4176,7,,,0,100,,4180,7,,,0,100,,4178,7,,,0
301,'2',713,,4197,7,,,0,30,,4190,7,,,0,70,,2816,7,,,0,30,,1480,7,,,0,70,,4187,7,,,0,30,,4202,7,,,0,70,,2792,7,,,0,30,,4186,7,,,0,70,,4192,7,,,0,30,,4194,7,,,0,70,,43,7,,,0,30,,2537,7,,,0,70,,4196,7,,,0,30,,4193,7,,,0,70,,4198,7,,,0,30,,4188,7,,,0,70,,4204,7,,,0,30,,3373,7,,,0,70,,4205,7,,,0,30,,2700,7,,,0,70,,4195,7,,,0,30,,4191,7,,,0,70,,4206,7,,,0,30,,1100,7,,,0,70,,4203,7,,,0,30,,4199,7,,,0,100,,1955,7,,,0,100,,4200,7,,,0,100,,4201,7,,,0,102,,4189,7,,,0
301,'3',604,,3186,7,,,0,20,,224,7,,,0,24,,4220,7,,,0,64,,927,7,,,0,26,,3302,7,,,0,63,,1866,7,,,0,21,,4217,7,,,0,27,,4219,7,,,0,63,,202,7,,,0,25,,4214,7,,,0,63,,3529,7,,,0,20,,4218,7,,,0,25,,704,7,,,0,63,,3742,7,,,0,20,,3458,7,,,0,25,,4222,7,,,0,63,,2858,7,,,0,20,,314,7,,,0,65,,3814,7,,,0,23,,4215,7,,,0,20,,4224,7,,,0,65,,4213,7,,,0,23,,4212,7,,,0,20,,3252,7,,,0,65,,4216,7,,,0,23,,3666,7,,,0,64,,4210,7,,,0,26,,4225,7,,,0,23,,2213,7,,,0,60,,4209,7,,,0,30,,4223,7,,,0,66,,2526,7,,,0,20,,962,7,,,0,27,,4207,7,,,0,63,,3105,7,,,0,23,,4211,7,,,0,69,,1324,7,,,0,103,,4221,7,,,0,108,,4208,7,,,0,108,,3209,7,,,0
400,'1',853,,4230,42,0,53 45 20,0,100,,4235,42,0,53 45 20,0,100,,4229,42,0,53 45 20,0,100,,4228,42,0,53 45 20,0,100,,4233,42,0,53 45 20,0,100,,4231,42,0,53 45 20,0,100,,2758,42,0,53 45 20,0,100,,4232,42,0,53 45 20,0,100,,4226,42,0,53 45 20,0,100,,4234,42,0,53 45 20,0,100,,4236,42,0,53 45 20,0,100,,4227,42,0,53 45 20,0
400,'2',753,,4243,42,0,53 45 20,0,100,,4241,42,0,53 45 20,0,100,,3041,42,0,53 45 20,0,100,,3608,42,0,53 45 20,0,100,,3607,42,0,53 45 20,0,100,,4245,42,0,53 45 20,0,100,,3634,42,0,53 45 20,0,100,,4246,42,0,53 45 20,0,100,,2917,42,0,53 45 20,0,100,,3150,42,0,53 45 20,0,100,,4242,42,0,53 45 20,0,100,,4240,42,0,53 45 20,0,100,,4247,42,0,53 45 20,0,100,,4238,42,0,53 45 20,0,100,,4244,42,0,53 45 20,0,100,,4237,42,0,53 45 20,0
400,'3',659,,4249,42,0,53 45 20,0,74,,4259,42,0,53 45 20,0,67,,4250,42,0,53 45 20,0,19,,2449,42,0,53 45 20,0,31,,1055,42,0,53 45 20,0,60,,4248,42,0,53 45 20,0,24,,2358,42,0,53 45 20,0,66,,1903,42,0,53 45 20,0,25,,937,42,0,53 45 20,0,84,,4253,42,0,53 45 20,0,27,,4257,42,0,53 45 20,0,65,,196,42,0,53 45 20,0,41,,2517,42,0,53 45 20,0,70,,1743,42,0,53 45 20,0,25,,2267,42,0,53 45 20,0,81,,2495,42,0,53 45 20,0,30,,4251,42,0,53 45 20,0,65,,713,42,0,53 45 20,0,88,,4258,42,0,53 45 20,0,35,,4256,42,0,53 45 20,0,23,,3622,42,0,53 45 20,0,73,,4254,42,0,53 45 20,0,20,,3354,42,0,53 45 20,0,75,,1186,42,0,53 45 20,0,21,,4252,42,0,53 45 20,0,77,,132,42,0,53 45 20,0,19,,130,42,0,53 45 20,0,63,,1145,42,0,53 45 20,0,24,,344,42,0,53 45 20,0,28,,778,42,0,53 45 20,0,143,,3657,42,0,53 45 20,0,41,,4260,42,0,53 45 20,0,99,,4255,42,0,53 45 20,0,75,,3466,42,0,53 45 20,0
1001,'3',1433,,4654,20,,,0,70,,2075,20,,,0,30,,1928,20,,,0,70,,4658,20,,,0,30,,743,20,,,0,70,,4656,20,,,0,30,,4655,20,,,0
1801,'1',829,,4960,30,,,0,100,,4957,30,,,0,100,,4956,30,,,0,100,,4958,30,,,0,100,,4961,30,,,0,100,,3138,30,,,0,100,,1759,30,,,0,100,,4963,30,,,0,100,,2656,30,,,0,100,,4962,30,,,0,100,,1467,30,,,0,100,,4959,30,,,0
1801,'2',729,,3715,30,,,0,100,,4969,30,,,0,100,,3443,30,,,0,100,,4972,30,,,0,100,,4965,30,,,0,100,,1713,30,,,0,100,,4964,30,,,0,100,,4967,30,,,0,100,,4968,30,,,0,100,,4970,30,,,0,100,,4966,30,,,0,100,,4971,30,,,0,100,,3763,30,,,0
1801,'3',629,,4981,30,,,0,30,,3848,30,,,0,70,,4973,30,,,0,30,,4985,30,,,0,70,,3008,30,,,0,30,,1665,30,,,0,70,,2503,30,,,0,30,,3346,30,,,0,70,,3264,30,,,0,30,,4986,30,,,0,70,,4978,30,,,0,30,,1050,30,,,0,70,,1283,30,,,0,30,,4983,30,,,0,70,,1800,30,,,0,30,,4984,30,,,0,70,,1630,30,,,0,30,,4979,30,,,0,70,,4977,30,,,0,30,,4974,30,,,0,76,,3729,30,,,0,70,,4980,30,,,0,30,,4976,30,,,0,70,,917,30,,,0,30,,1799,30,,,0,24,,3191,30,,,0,70,,775,30,,,0,100,,4975,30,,,0,100,,4982,30,,,0
2801,'1',808,,5166,31,,,0,100,,3335,39,,,0,100,,5164,39,,,0,100,,5160,39,,,0,100,,5162,39,,,0,100,,5158,39,,,0,100,,5163,39,,,0,100,,5161,39,,,0,100,,1466,39,,,0,100,,5159,39,,,0,100,,5165,39,,,0,100,,2572,39,,,0,100,,5167,39,,,0
2801,'2',708,,5172,39,,,0,100,,5175,39,,,0,100,,5176,39,,,0,100,,5178,39,,,0,100,,2698,39,,,0,100,,5173,39,,,0,100,,5170,39,,,0,100,,5168,39,,,0,100,,5169,39,,,0,100,,5171,39,,,0,100,,3874,39,,,0,100,,5174,39,,,0,100,,1474,39,,,0,100,,5177,39,,,0
2801,'3',638,,5181,39,,,0,70,,3193,39,,,0,30,,5180,39,,,0,70,,5187,39,,,0,30,,5182,39,,,0,70,,988,39,,,0,30,,5186,39,,,0,70,,3920,39,,,0,30,,1342,39,,,0,70,,1116,39,,,0,30,,981,39,,,0,70,,3900,39,,,0,30,,3140,39,,,0,70,,5179,39,,,0,30,,2719,39,,,0,70,,5192,39,,,0,30,,1418,39,,,0,70,,1838,39,,,0,30,,5183,39,,,0,70,,5191,39,,,0,36,,419,39,,,0,70,,5185,39,,,0,30,,5188,39,,,0,70,,1330,39,,,0,30,,3733,39,,,0,64,,5184,39,,,0,30,,3836,39,,,0,70,,2376,39,,,0,100,,5189,39,,,0,100,,5190,39,,,0
