1400,'1',727,,6500,38,4,,0,30,,1617,38,4,,0,70,,6486,38,4,,0,30,,708,38,4,,0,70,,6501,38,4,,0,85,,6487,38,4,,0,92,,6488,38,4,,0,100,,6505,38,4,,0,100,,5148,38,4,,0,100,,5052,38,4,,0,100,,6496,38,4,,0,113,,6493,38,4,,0,103,,6490,38,4,,0,30,,6507,38,4,,0,70,,6494,38,4,,0,30,,2778,38,4,,0,70,,5179,38,4,,0,27,,3347,38,4,,0,87,,6499,38,4,,0
1400,'2',833,,6521,38,4,,0,100,,6518,38,4,,0,100,,6527,38,4,,0,100,,6528,38,4,,0,100,,6517,38,4,,0,100,,6511,38,4,,0,100,,3508,38,4,,0,100,,6522,38,4,,0,100,,6512,38,4,,0,100,,6515,38,4,,0,100,,6508,38,4,,0,100,,6509,38,4,,0,100,,6525,38,4,,0
1400,'3',933,,6531,38,4,,0,100,,6536,38,4,,0,100,,6530,38,4,,0,100,,5350,38,4,,0,100,,6534,38,4,,0,100,,3097,38,4,,0,100,,6543,38,4,,0,100,,6539,38,4,,0,100,,6540,38,4,,0,100,,6541,38,4,,0,100,,6549,38,4,,0
1401,'1',613,,6557,1,0,21 20,0,30,,6564,1,0,21 20,0,70,,6558,1,0,21 20,0,30,,5226,1,0,21 20,0,70,,2106,1,0,21 20,0,30,,4651,1,0,21 20,0,100,,6553,1,0,21 20,0,100,,4014,1,0,21 20,0,100,,781,1,0,21 20,0,100,,6560,1,0,21 20,0,100,,3576,1,0,21 20,0,100,,6562,1,0,21 20,0,100,,5203,1,0,21 20,0,100,,6565,1,0,21 20,0,70,,5258,1,0,21 20,0,30,,6550,1,0,21 20,0,70,,6561,1,0,21 20,0,30,,236,1,0,21 20,0,100,,5057,1,0,21 20,0
1401,'2',743,,6580,1,0,21 20,0,100,,6570,1,0,21 20,0,100,,5320,1,0,21 20,0,100,,6575,1,0,21 20,0,100,,2789,1,0,21 20,0,100,,6588,1,0,21 20,0,100,,6577,1,0,21 20,0,100,,6573,1,0,21 20,0,100,,6584,1,0,21 20,0,100,,6578,1,0,21 20,0,100,,6589,1,0,21 20,0,100,,6574,1,0,21 20,0,100,,6587,1,0,21 20,0
1401,'3',843,,6605,1,0,21 20,0,100,,6593,1,0,21 20,0,100,,6592,1,0,21 20,0,100,,6597,1,0,21 20,0,100,,6602,1,0,21 20,0,100,,6591,1,0,21 20,0,100,,6595,1,0,21 20,0,100,,6594,1,0,21 20,0,100,,6607,1,0,21 20,0,100,,6606,1,0,21 20,0,100,,6596,1,0,21 20,0
1001400,'1',706,,4106,38,4,,0,35,,5272,38,4,,0,77,,3661,43,4,,0,30,,4943,43,4,,0,70,,7087,43,4,,0,30,,7094,43,4,,0,100,,2481,43,4,,0,92,,1981,43,4,,0,100,,7092,43,4,,0,100,,7100,43,4,,0,100,,7096,43,4,,0,100,,3840,43,4,,0,113,,7090,43,4,,0,88,,4172,43,4,,0,70,,7095,43,4,,0,30,,4098,43,4,,0,70,,7098,43,4,,0,30,,3253,43,4,,0,69,,5019,43,4,,0,100,,7101,43,4,,0,100,,5122,43,4,,0,100,,4716,43,4,,0
1001400,'2',807,,7125,43,4,,0,100,,7130,43,4,,0,100,,7127,43,4,,0,100,,5002,43,4,,0,100,,7117,43,4,,0,100,,4840,43,4,,0,100,,7106,43,4,,0,100,,7105,43,4,,0,100,,7123,43,4,,0,100,,5138,43,4,,0,100,,7121,43,4,,0,100,,7110,43,4,,0,100,,7112,43,4,,0,100,,7126,43,4,,0,100,,7114,43,4,,0,100,,7124,43,4,,0
1001400,'3',907,,7141,43,4,,0,100,,7138,43,4,,0,100,,4995,43,4,,0,100,,7152,43,4,,0,100,,7135,43,4,,0,100,,7143,43,4,,0,100,,7142,43,4,,0,100,,7147,43,4,,0,100,,7150,43,4,,0,100,,7137,43,4,,0,100,,7139,43,4,,0,100,,7136,43,4,,0
1001401,'1',628,,2983,1,0,23 21 20,0,30,,2363,1,0,23 21 20,0,70,,5404,1,0,23 21 20,0,30,,7177,1,0,23 21 20,0,64,,7173,1,0,23 21 20,0,85,,7172,1,0,23 21 20,0,100,,3920,1,0,23 21 20,0,100,,7178,1,0,23 21 20,0,100,,7161,1,0,23 21 20,0,100,,7159,1,0,23 21 20,0,100,,7176,1,0,23 21 20,0,100,,2233,1,0,23 21 20,0,100,,2091,1,0,23 21 20,0,48,,5020,1,0,23 21 20,0,70,,5335,1,0,23 21 20,0,30,,2677,1,0,23 21 20,0,70,,4709,1,0,23 21 20,0,82,,258,1,0,23 21 20,0,100,,3848,1,0,23 21 20,0,100,,3404,1,0,23 21 20,0,103,,7165,1,0,23 21 20,0,100,,7168,1,0,23 21 20,0
1001401,'2',712,,7206,1,0,23 21 20,0,100,,7205,1,0,23 21 20,0,100,,7198,1,0,23 21 20,0,100,,5224,1,0,23 21 20,0,100,,4505,1,0,23 21 20,0,100,,7181,1,0,23 21 20,0,100,,7193,1,0,23 21 20,0,100,,5322,1,0,23 21 20,0,100,,7203,1,0,23 21 20,0,100,,7188,1,0,23 21 20,0,100,,7207,1,0,23 21 20,0,100,,7182,1,0,23 21 20,0,100,,7180,1,0,23 21 20,0,100,,7194,1,0,23 21 20,0,100,,7202,1,0,23 21 20,0,100,,7185,1,0,23 21 20,0,95,,7196,1,0,23 21 20,0
1001401,'3',812,,7222,1,0,23 21 20,0,100,,7226,1,0,23 21 20,0,100,,4734,1,0,23 21 20,0,100,,7214,1,0,23 21 20,0,100,,7216,1,0,23 21 20,0,100,,7220,1,0,23 21 20,0,100,,7223,1,0,23 21 20,0,100,,4131,1,0,23 21 20,0,100,,7212,1,0,23 21 20,0,100,,7219,1,0,23 21 20,0,100,,7213,1,0,23 21 20,0,100,,7225,1,0,23 21 20,0
