401,'1',847,,2827,19,0,52 19 20,0,100,,4266,19,0,52 19 20,0,100,,4270,19,0,52 19 20,0,100,,4262,19,0,52 19 20,0,100,,4263,19,0,52 19 20,0,100,,4268,19,0,52 19 20,0,100,,4267,19,0,52 19 20,0,100,,4264,19,0,52 19 20,0,100,,1812,19,0,52 19 20,0,100,,4261,19,0,52 19 20,0,100,,4269,19,0,52 19 20,0,100,,4265,19,0,21 20,0
401,'2',747,,4272,19,0,52 19 20,0,100,,4278,19,0,52 19 20,0,100,,4281,19,0,52 19 20,0,100,,4276,19,0,52 19 20,0,100,,4275,19,0,52 19 20,0,100,,4277,19,0,52 19 20,0,100,,3152,19,0,52 19 20,0,100,,2919,19,0,52 19 20,0,100,,4274,19,0,52 19 20,0,100,,2820,19,0,52 19 20,0,100,,4273,19,0,52 19 20,0,100,,3936,19,0,52 19 20,0,100,,4280,19,0,52 19 20,0,100,,4279,19,0,52 19 20,0,100,,3324,19,0,52 19 20,0,100,,854,19,0,52 19 20,0
401,'3',619,,2971,19,0,52 19 20,0,25,,1261,19,0,52 19 20,0,62,,4282,19,0,52 19 20,0,26,,2717,19,0,52 19 20,0,20,,4285,19,0,52 19 20,0,67,,1322,19,0,52 19 20,0,25,,3596,19,0,52 19 20,0,65,,3147,19,0,52 19 20,0,44,,1981,19,0,52 19 20,0,67,,2801,19,0,52 19 20,0,25,,1616,19,0,52 19 20,0,81,,4292,19,0,52 19 20,0,30,,4291,19,0,52 19 20,0,65,,222,19,0,52 19 20,0,81,,3825,19,0,52 19 20,0,30,,4287,19,0,52 19 20,0,25,,1122,19,0,52 19 20,0,81,,4286,19,0,52 19 20,0,72,,4290,19,0,52 19 20,0,23,,463,19,0,52 19 20,0,73,,4288,19,0,52 19 20,0,18,,1908,19,0,52 19 20,0,34,,4289,19,0,52 19 20,0,64,,2729,19,0,52 19 20,0,36,,4294,19,0,52 19 20,0,60,,3819,19,0,52 19 20,0,30,,3740,19,0,52 19 20,0,64,,1964,19,0,52 19 20,0,31,,84,19,0,52 19 20,0,103,,4284,19,0,52 19 20,0,77,,4293,19,0,52 19 20,0,103,,1359,19,0,52 19 20,0,75,,1624,19,0,52 19 20,0,35,,4283,19,0,52 19 20,0
1000,'3',731,,2872,18,,,0,70,,4649,18,,,0,30,,3751,18,,,0,70,,4647,18,,,0,30,,3840,18,,,0,70,,4651,18,,,0,30,,2528,18,,,0,472,,968,28,,,0,30,,1775,28,,,0,70,,703,28,,,0,30,,2527,28,,,0,70,,3455,28,,,0,30,,4650,28,,,0,70,,4648,28,,,0
1401,'1',834,,4825,27,,,0,100,,4826,27,,,0,100,,2828,27,,,0,100,,4816,27,,,0,100,,4820,27,,,0,100,,4818,27,,,0,100,,4827,27,,,0,100,,4821,27,,,0,100,,4814,27,,,0,100,,3379,27,,,0,100,,4822,27,,,0,100,,2757,27,,,0
1401,'2',734,,190,27,,,0,100,,4838,27,,,0,100,,4831,27,,,0,100,,4842,27,,,0,100,,3045,27,,,0,100,,3633,27,,,0,100,,2638,27,,,0,100,,2924,27,,,0,100,,48,27,,,0,100,,4841,27,,,0,100,,4840,27,,,0,100,,4837,27,,,0,100,,4845,27,,,0,100,,4833,27,,,0
1401,'3',639,,4864,27,,,0,73,,4847,27,,,0,30,,3779,27,,,0,70,,4849,27,,,0,30,,782,27,,,0,70,,3541,27,,,0,30,,4848,27,,,0,91,,4851,27,,,0,100,,4853,27,,,0,100,,3407,27,,,0,100,,4860,27,,,0,100,,3261,27,,,0,100,,4857,27,,,0,112,,4863,27,,,0,100,,1535,27,,,0,70,,4859,27,,,0,30,,1811,27,,,0,70,,4850,27,,,0,30,,4867,27,,,0,88,,3462,27,,,0
1501,'1',834,,3450,37,,,0,100,,3449,37,,,0,100,,4901,37,,,0,100,,3954,37,,,0,100,,2959,37,,,0,100,,3279,37,,,0,100,,4896,37,,,0,100,,4902,37,,,0,100,,4899,37,,,0,100,,4897,37,,,0,100,,4898,37,,,0,100,,4900,37,,,0
1501,'2',734,,4912,37,,,0,100,,4908,37,,,0,100,,4914,37,,,0,100,,4906,37,,,0,100,,4907,37,,,0,100,,4903,37,,,0,100,,4911,37,,,0,100,,4915,37,,,0,100,,4910,37,,,0,100,,4913,37,,,0,100,,4909,37,,,0,100,,4904,37,,,0,100,,4905,37,,,0,100,,3946,37,,,0
1501,'3',634,,1854,37,,,0,77,,966,37,,,0,35,,2520,37,,,0,75,,3909,37,,,0,32,,2453,37,,,0,78,,4919,37,,,0,72,,1117,37,,,0,30,,3598,37,,,0,72,,3784,37,,,0,32,,337,37,,,0,72,,4916,37,,,0,32,,203,37,,,0,72,,4920,37,,,0,32,,2462,37,,,0,69,,2671,37,,,0,35,,2581,37,,,0,72,,4918,37,,,0,32,,2353,37,,,0,79,,1959,37,,,0,75,,2838,37,,,0,35,,3822,37,,,0,75,,4917,37,,,0,85,,2027,37,,,0,32,,1841,37,,,0,70,,1340,37,,,0,102,,1346,37,,,0
1800,'1',833,,4928,24,,,0,100,,3645,24,,,0,100,,2570,24,,,0,100,,2131,24,,,0,100,,4929,24,,,0,100,,4927,24,,,0,100,,4921,24,,,0,100,,4926,24,,,0,100,,4923,24,,,0,100,,4922,24,,,0,100,,4925,24,,,0,100,,4924,24,,,0
1800,'2',733,,4930,24,,,0,100,,4931,24,,,0,100,,2897,24,,,0,100,,4937,24,,,0,100,,872,24,,,0,100,,4936,24,,,0,100,,4932,24,,,0,100,,3125,24,,,0,100,,4939,24,,,0,100,,4934,24,,,0,100,,4933,24,,,0,100,,4935,24,,,0,100,,4938,24,,,0
1800,'3',633,,4947,24,,,0,70,,4950,24,,,0,30,,3343,24,,,0,70,,4944,24,,,0,30,,779,24,,,0,70,,4954,24,,,0,30,,4942,24,,,0,70,,228,24,,,0,30,,2864,24,,,0,70,,3535,24,,,0,30,,4955,24,,,0,70,,4951,24,,,0,30,,4940,24,,,0,70,,4945,24,,,0,30,,3290,24,,,0,70,,931,24,,,0,30,,4949,24,,,0,70,,2207,24,,,0,30,,3623,24,,,0,70,,2714,24,,,0,30,,1426,24,,,0,70,,4943,24,,,0,30,,4946,24,,,0,70,,4948,24,,,0,30,,2502,24,,,0,70,,122,24,,,0,30,,4952,24,,,0,70,,4953,24,,,0,30,,4941,24,,,0,100,,1137,24,,,0
2800,'1',803,,5126,34,,,0,100,,5127,37,,,0,100,,5131,37,,,0,100,,5129,37,,,0,100,,5134,37,,,0,100,,5136,37,,,0,100,,3896,37,,,0,100,,5128,37,,,0,100,,5135,37,,,0,100,,5132,37,,,0,100,,3691,37,,,0,100,,5133,37,,,0,100,,5130,37,,,0
2800,'2',703,,5145,34,,,0,100,,5143,37,,,0,100,,5142,37,,,0,100,,5144,37,,,0,100,,3126,37,,,0,100,,3276,37,,,0,100,,5139,37,,,0,100,,5140,37,,,0,100,,2881,37,,,0,100,,5141,37,,,0,100,,5137,37,,,0,100,,5138,37,,,0,100,,5146,37,,,0,100,,2817,37,,,0
2800,'3',633,,493,37,,,0,70,,3777,37,,,0,30,,2020,37,,,0,70,,2120,37,,,0,30,,3841,37,,,0,70,,5157,37,,,0,30,,5151,37,,,0,70,,5156,37,,,0,30,,5150,37,,,0,70,,2514,37,,,0,30,,5152,37,,,0,70,,1285,37,,,0,30,,2602,37,,,0,70,,5149,37,,,0,30,,1586,37,,,0,70,,5148,37,,,0,30,,3199,37,,,0,70,,1748,37,,,0,30,,5153,37,,,0,70,,5154,37,,,0,30,,1434,37,,,0,70,,1731,37,,,0,30,,5147,37,,,0,70,,1524,37,,,0,30,,258,37,,,0,70,,2448,37,,,0,30,,3145,37,,,0,70,,3265,37,,,0,100,,3402,37,,,0,132,,5155,37,,,0
1001401,'1',804,,3086,12,0,23 21 20,0,100,,3339,27,0,23 21 20,0,100,,792,27,0,23 21 20,0,100,,3947,27,0,23 21 20,0,100,,5362,27,0,23 21 20,0,100,,5355,27,0,23 21 20,0,100,,5361,27,0,23 21 20,0,100,,5348,27,0,23 21 20,0,100,,5351,27,0,23 21 20,0,100,,5349,27,0,23 21 20,0,100,,3948,27,0,23 21 20,0,100,,5360,27,0,23 21 20,0,100,,5358,27,0,23 21 20,0
1001401,'2',704,,5387,12,0,23 21 20,0,100,,5388,27,0,23 21 20,0,100,,1833,27,0,23 21 20,0,100,,2925,27,0,23 21 20,0,100,,5368,27,0,23 21 20,0,100,,3473,27,0,23 21 20,0,100,,5386,27,0,23 21 20,0,100,,1384,27,0,23 21 20,0,100,,5384,27,0,23 21 20,0,100,,5380,27,0,23 21 20,0,100,,2737,27,0,23 21 20,0,100,,5383,27,0,23 21 20,0,100,,5365,27,0,23 21 20,0,100,,1236,27,0,23 21 20,0,100,,5382,27,0,23 21 20,0,100,,5373,27,0,23 21 20,0,100,,5369,27,0,23 21 20,0,53,,5375,27,0,23 21 20,0
1001401,'3',604,,2715,12,0,23 21 20,0,52,,2986,27,0,23 21 20,0,73,,5389,27,0,23 21 20,0,30,,124,27,0,23 21 20,0,70,,2109,27,0,23 21 20,0,30,,708,27,0,23 21 20,0,68,,1420,27,0,23 21 20,0,74,,5391,27,0,23 21 20,0,100,,1047,27,0,23 21 20,0,100,,5407,27,0,23 21 20,0,100,,5401,27,0,23 21 20,0,100,,5409,27,0,23 21 20,0,100,,2102,27,0,23 21 20,0,113,,2343,27,0,23 21 20,0,100,,58,27,0,23 21 20,0,45,,2597,27,0,23 21 20,0,70,,5394,27,0,23 21 20,0,30,,5395,27,0,23 21 20,0,70,,5399,27,0,23 21 20,0,72,,1962,27,0,23 21 20,0,100,,5396,27,0,23 21 20,0,100,,2575,27,0,23 21 20,0,100,,5405,27,0,23 21 20,0,99,,5393,27,0,23 21 20,0
