100,'1',611,,5441,10,,,0,10,,5465,10,,,0,8,,5427,14,0,54 57,0,10,,5416,14,0,54 57,0,10,,5455,14,0,54 57,0,10,,5094,14,0,54 57,0,50,,5496,14,0,54 57,0,10,,5435,14,0,54 57,0,10,,5504,14,0,54 57,0,10,,122,14,0,54 57,0,10,,5423,14,0,54 57,0,10,,4097,14,0,54 57,0,50,,5439,14,0,54 57,0,10,,5414,14,0,54 57,0,10,,5182,14,0,54 57,0,10,,5502,14,0,54 57,0,10,,4574,14,0,54 57,0,10,,5474,14,0,54 57,0,50,,5426,14,0,54 57,0,10,,5450,14,0,54 57,0,10,,5491,14,0,54 57,0,10,,1278,14,0,54 57,0,10,,427,14,0,54 57,0,55,,5451,14,0,54 57,0,15,,5430,14,0,54 57,0,15,,4531,14,0,54 57,0,15,,5493,14,0,54 57,0,55,,5429,14,0,54 57,0,15,,2243,14,0,54 57,0,15,,5119,14,0,54 57,0,15,,4288,14,0,54 57,0,55,,5480,14,0,54 57,0,15,,5424,14,0,54 57,0,15,,3139,14,0,54 57,0,15,,5454,14,0,54 57,0,55,,5498,14,0,54 57,0,15,,5444,14,0,54 57,0,15,,3534,14,0,54 57,0,15,,1055,14,0,54 57,0,55,,5494,14,0,54 57,0,15,,5467,14,0,54 57,0,10,,4863,14,0,54 57,0,20,,5468,14,0,54 57,0,10,,5413,14,0,54 57,0,60,,4548,14,0,54 57,0,10,,4392,14,0,54 57,0,20,,1438,14,0,54 57,0,10,,2361,14,0,54 57,0,50,,5443,14,0,54 57,0,10,,5452,14,0,54 57,0,10,,3349,14,0,54 57,0,10,,5503,14,0,54 57,0,10,,5189,14,0,54 57,0,10,,5459,14,0,54 57,0,50,,3177,14,0,54 57,0,10,,1807,14,0,54 57,0,10,,4109,14,0,54 57,0,10,,743,14,0,54 57,0,10,,1988,14,0,54 57,0,10,,4021,14,0,54 57,0,50,,5438,14,0,54 57,0,10,,1342,14,0,54 57,0,10,,5008,14,0,54 57,0,10,,5344,14,0,54 57,0,10,,5470,14,0,54 57,0,10,,5492,14,0,54 57,0,50,,4683,14,0,54 57,0,10,,5488,14,0,54 57,0,10,,5433,14,0,54 57,0,10,,5421,14,0,54 57,0,20,,5463,14,0,54 57,0,70,,5482,14,0,54 57,0,30,,5475,14,0,54 57,0,70,,5464,14,0,54 57,0,30,,5471,14,0,54 57,0,70,,3291,14,0,54 57,0,30,,4088,14,0,54 57,0,70,,5461,14,0,54 57,0,30,,5418,14,0,54 57,0
100,'2',730,,5000,14,0,54 57,0,29,,4878,14,0,54 57,0,70,,5548,14,0,54 57,0,30,,5511,14,0,54 57,0,70,,4492,14,0,54 57,0,30,,5520,14,0,54 57,0,70,,4491,14,0,54 57,0,30,,5506,14,0,54 57,0,70,,5556,14,0,54 57,0,30,,5043,14,0,54 57,0,70,,4589,14,0,54 57,0,30,,4355,14,0,54 57,0,70,,5552,14,0,54 57,0,30,,5537,14,0,54 57,0,70,,3233,14,0,54 57,0,30,,5534,14,0,54 57,0,70,,5507,14,0,54 57,0,30,,5547,14,0,54 57,0,70,,2680,14,0,54 57,0,30,,5527,14,0,54 57,0,70,,5523,14,0,54 57,0,30,,5544,14,0,54 57,0,70,,5505,14,0,54 57,0,30,,5508,14,0,54 57,0,70,,5528,14,0,54 57,0,30,,5540,14,0,54 57,0,70,,5512,14,0,54 57,0,30,,5531,14,0,54 57,0,70,,5522,14,0,54 57,0,30,,5555,14,0,54 57,0,70,,4151,14,0,54 57,0,30,,5542,14,0,54 57,0,70,,5518,14,0,54 57,0,30,,5545,14,0,54 57,0
100,'3',830,,5567,14,0,54 57,0,29,,5580,14,0,54 57,0,70,,5557,14,0,54 57,0,30,,5571,14,0,54 57,0,70,,5579,14,0,54 57,0,30,,5581,14,0,54 57,0,70,,5576,14,0,54 57,0,30,,3969,14,0,54 57,0,70,,4234,14,0,54 57,0,30,,5568,14,0,54 57,0,70,,5561,14,0,54 57,0,30,,5592,14,0,54 57,0,70,,5578,14,0,54 57,0,30,,5565,14,0,54 57,0,70,,5573,14,0,54 57,0,30,,5588,14,0,54 57,0,70,,4296,14,0,54 57,0,30,,5595,14,0,54 57,0,70,,5558,14,0,54 57,0,30,,4057,14,0,54 57,0,70,,4765,14,0,54 57,0,30,,5596,14,0,54 57,0,70,,5589,14,0,54 57,0,30,,5572,14,0,54 57,0,70,,3982,14,0,54 57,0
101,'1',549,,5653,6,,,0,10,,3302,6,,,0,50,,2999,6,,,0,10,,5600,6,,,0,10,,5639,6,,,0,10,,5677,6,,,0,10,,5633,6,,,0,10,,4564,6,,,0,50,,2263,6,,,0,10,,5603,6,,,0,10,,5622,6,,,0,10,,3191,6,,,0,10,,5637,6,,,0,10,,5642,6,,,0,50,,5641,6,,,0,10,,5640,6,,,0,10,,5676,6,,,0,10,,4810,6,,,0,10,,5613,6,,,0,10,,1915,6,,,0,50,,4802,6,,,0,10,,986,6,,,0,20,,5598,6,,,0,10,,1418,6,,,0,60,,2581,6,,,0,10,,4811,6,,,0,20,,2265,6,,,0,15,,5649,6,,,0,55,,5411,6,,,0,15,,5606,6,,,0,15,,5627,6,,,0,15,,5657,6,,,0,55,,5618,6,,,0,15,,2673,6,,,0,15,,5597,6,,,0,15,,5644,6,,,0,55,,5624,6,,,0,15,,713,6,,,0,15,,5610,6,,,0,15,,5623,6,,,0,55,,5628,6,,,0,15,,5672,6,,,0,15,,5671,6,,,0,15,,5607,6,,,0,55,,5669,6,,,0,10,,5675,6,,,0,10,,2987,6,,,0,10,,5017,6,,,0,10,,1059,6,,,0,10,,5648,6,,,0,50,,5643,6,,,0,10,,403,6,,,0,10,,5634,6,,,0,10,,5656,6,,,0,10,,2716,6,,,0,10,,5615,6,,,0,50,,5678,6,,,0,10,,4422,6,,,0,10,,5625,6,,,0,10,,5635,6,,,0,10,,4948,6,,,0,10,,3749,6,,,0,50,,4637,6,,,0,10,,2669,6,,,0,10,,3566,6,,,0,10,,2971,6,,,0,10,,5602,6,,,0,10,,3004,6,,,0,60,,5061,6,,,0,30,,5629,6,,,0,70,,4575,6,,,0,30,,2714,6,,,0,70,,5621,6,,,0,30,,981,6,,,0,70,,3212,6,,,0,30,,5614,6,,,0,70,,5638,6,,,0,30,,5664,19,0,54 56,0
101,'2',649,,5037,6,,,0,70,,4513,6,,,0,30,,5708,6,,,0,70,,5707,6,,,0,30,,5710,6,,,0,70,,5701,6,,,0,30,,4366,6,,,0,70,,5082,6,,,0,30,,5691,6,,,0,70,,5721,6,,,0,30,,5692,6,,,0,70,,4280,6,,,0,30,,5720,6,,,0,70,,5715,6,,,0,30,,5714,6,,,0,70,,5315,6,,,0,30,,5725,6,,,0,70,,5695,6,,,0,30,,5685,6,,,0,70,,4529,6,,,0,30,,5728,6,,,0,70,,5687,6,,,0,30,,4626,6,,,0,70,,5722,6,,,0,30,,5712,6,,,0,70,,5718,6,,,0,30,,5700,6,,,0,70,,5696,6,,,0,30,,5680,6,,,0,70,,5717,6,,,0,30,,5681,6,,,0,70,,5698,6,,,0,30,,5684,6,,,0,70,,5703,6,,,0,28,,5733,19,0,54 56,0
101,'3',749,,5736,6,,,0,70,,5743,6,,,0,30,,5753,6,,,0,70,,5755,6,,,0,30,,5740,6,,,0,70,,5738,6,,,0,30,,4991,6,,,0,70,,5761,6,,,0,30,,5768,6,,,0,70,,5756,6,,,0,30,,5739,6,,,0,70,,5766,6,,,0,30,,3691,6,,,0,70,,5741,6,,,0,30,,5751,6,,,0,70,,4267,6,,,0,30,,5745,6,,,0,70,,5070,6,,,0,30,,5737,6,,,0,70,,4770,6,,,0,30,,5771,6,,,0,70,,5734,6,,,0,30,,5752,6,,,0,70,,5746,6,,,0,30,,5754,6,,,0
600,'1',719,,6279,24,,,0,25,,5007,24,,,0,65,,6280,24,,,0,25,,6288,24,,,0,25,,6277,24,,,0,65,,2989,24,,,0,25,,6284,24,,,0,74,,6282,24,,,0,35,,6291,24,,,0,75,,1924,24,,,0,75,,4654,24,,,0,35,,6276,24,,,0,75,,6289,24,,,0,35,,6287,24,,,0,75,,6278,24,,,0,75,,6283,24,,,0,38,,6281,24,,,0,68,,3810,24,,,0,25,,6290,24,,,0,25,,3104,24,,,0,65,,545,24,,,0,25,,5123,24,,,0,65,,5390,24,,,0,25,,6286,24,,,0,65,,6275,24,,,0,22,,4657,24,,,0,25,,467,24,,,0,62,,6285,24,,,0,25,,4892,24,,,0,65,,4866,24,,,0
600,'2',708,,4477,24,,,0,105,,6301,24,,,0,100,,6292,24,,,0,100,,6295,24,,,0,100,,4354,24,,,0,100,,6297,24,,,0,100,,6299,24,,,0,100,,6298,24,,,0,100,,6293,24,,,0,100,,6296,24,,,0,100,,6300,24,,,0,100,,4481,24,,,0,100,,6294,24,,,0
600,'3',810,,4315,24,,,0,103,,4230,24,,,0,100,,6305,24,,,0,100,,6308,24,,,0,100,,6304,24,,,0,100,,6306,24,,,0,100,,6310,24,,,0,100,,6307,24,,,0,100,,6303,24,,,0,100,,4766,24,,,0,100,,6302,24,,,0,100,,6309,24,,,0
601,'1',636,,4120,28,0,5 6 1 7,0,65,,5270,28,0,5 6 1 7,0,25,,6318,28,0,5 6 1 7,0,25,,6323,28,0,5 6 1 7,0,65,,1917,28,0,5 6 1 7,0,25,,6313,28,0,5 6 1 7,0,65,,4632,28,0,5 6 1 7,0,33,,1524,28,0,5 6 1 7,0,75,,4214,28,0,5 6 1 7,0,35,,4221,28,0,5 6 1 7,0,75,,6321,28,0,5 6 1 7,0,35,,6325,28,0,5 6 1 7,0,75,,6319,28,0,5 6 1 7,0,75,,5183,28,0,5 6 1 7,0,35,,5345,28,0,5 6 1 7,0,75,,6316,28,0,5 6 1 7,0,35,,6311,28,0,5 6 1 7,0,69,,4891,28,0,5 6 1 7,0,25,,6320,28,0,5 6 1 7,0,65,,6315,28,0,5 6 1 7,0,25,,6312,28,0,5 6 1 7,0,65,,6324,28,0,5 6 1 7,0,25,,337,28,0,5 6 1 7,0,25,,2713,28,0,5 6 1 7,0,65,,6326,28,0,5 6 1 7,0,25,,6322,28,0,5 6 1 7,0,65,,6314,28,0,5 6 1 7,0,21,,1841,28,0,5 6 1 7,0,25,,933,28,0,5 6 1 7,0,65,,6317,28,0,5 6 1 7,0
601,'2',733,,6329,28,0,5 6 1 7,0,100,,6331,28,0,5 6 1 7,0,100,,2820,28,0,5 6 1 7,0,100,,6327,28,0,5 6 1 7,0,100,,6328,28,0,5 6 1 7,0,100,,4193,28,0,5 6 1 7,0,100,,4084,28,0,5 6 1 7,0,100,,6332,28,0,5 6 1 7,0,100,,4186,28,0,5 6 1 7,0,100,,6333,28,0,5 6 1 7,0,100,,6334,28,0,5 6 1 7,0,100,,6330,28,0,5 6 1 7,0,100,,3514,28,0,5 6 1 7,0
601,'3',833,,4311,28,0,5 6 1 7,0,100,,6343,28,0,5 6 1 7,0,100,,6336,28,0,5 6 1 7,0,100,,6335,28,0,5 6 1 7,0,100,,6341,28,0,5 6 1 7,0,100,,6342,28,0,5 6 1 7,0,100,,6338,28,0,5 6 1 7,0,100,,6339,28,0,5 6 1 7,0,100,,6340,28,0,5 6 1 7,0,100,,6337,28,0,5 6 1 7,0,100,,4872,28,0,5 6 1 7,0,100,,5358,28,0,5 6 1 7,0
