100,'1',838,,13,19,4,,0,70,,3981,19,4,,0,30,,3974,19,4,,0,70,,3984,19,4,,0,30,,3979,19,4,,0,70,,3968,19,4,,0,30,,3690,19,4,,0,70,,3720,19,4,,0,30,,3972,19,4,,0,70,,3975,19,4,,0,30,,3969,19,4,,0,70,,3973,19,4,,0,30,,275,19,4,,0,70,,3978,19,4,,0,30,,3977,19,4,,0,70,,3982,19,4,,0,30,,3971,19,4,,0,70,,2569,19,4,,0,30,,1821,19,4,,0,70,,3970,19,4,,0,30,,3983,19,4,,0,70,,3088,19,4,,0,30,,3976,19,4,,0,70,,1703,19,4,,0,30,,3980,19,4,,0
100,'2',738,,4006,19,4,,0,70,,3858,19,4,,0,30,,3988,19,4,,0,70,,4005,19,4,,0,30,,3999,19,4,,0,70,,3311,19,4,,0,30,,3993,19,4,,0,70,,3986,19,4,,0,30,,4001,19,4,,0,70,,2632,19,4,,0,30,,3998,19,4,,0,70,,3995,19,4,,0,30,,3991,19,4,,0,70,,3714,19,4,,0,30,,4002,19,4,,0,70,,3989,19,4,,0,30,,3997,19,4,,0,70,,4003,19,4,,0,30,,3990,19,4,,0,70,,3994,19,4,,0,30,,3985,19,4,,0,70,,3987,19,4,,0,30,,622,19,4,,0,70,,3996,19,4,,0,30,,2885,19,4,,0,70,,881,19,4,,0,30,,2893,19,4,,0,70,,4004,19,4,,0,30,,4000,19,4,,0,100,,2553,19,4,,0,100,,3992,19,4,,0
100,'3',622,,4033,15,4,,0,15,,4031,19,4,,0,10,,1000,19,4,,0,10,,3913,19,4,,0,50,,3251,19,4,,0,10,,3107,19,4,,0,10,,4025,19,4,,0,10,,3832,19,4,,0,10,,4020,19,4,,0,10,,4034,19,4,,0,50,,3404,19,4,,0,10,,4018,19,4,,0,10,,1408,19,4,,0,10,,4039,19,4,,0,10,,4029,19,4,,0,10,,3735,19,4,,0,50,,1668,19,4,,0,10,,4040,19,4,,0,10,,1847,19,4,,0,10,,4012,19,4,,0,10,,4035,19,4,,0,10,,3732,19,4,,0,55,,2983,19,4,,0,15,,4037,19,4,,0,15,,4008,19,4,,0,15,,3175,19,4,,0,55,,3736,19,4,,0,15,,1326,19,4,,0,15,,468,19,4,,0,15,,3621,19,4,,0,55,,4007,19,4,,0,15,,3572,19,4,,0,15,,2035,19,4,,0,15,,690,19,4,,0,55,,718,19,4,,0,15,,4016,19,4,,0,15,,420,19,4,,0,15,,4026,19,4,,0,55,,120,19,4,,0,15,,4030,19,4,,0,15,,4032,19,4,,0,15,,1202,19,4,,0,55,,4038,19,4,,0,15,,4014,19,4,,0,15,,1804,19,4,,0,15,,4011,19,4,,0,50,,4013,19,4,,0,10,,1741,19,4,,0,10,,3845,19,4,,0,10,,4019,19,4,,0,10,,4022,19,4,,0,10,,472,19,4,,0,50,,4028,19,4,,0,10,,315,19,4,,0,10,,771,19,4,,0,10,,4015,19,4,,0,10,,2677,19,4,,0,10,,4009,19,4,,0,50,,4017,19,4,,0,10,,3739,19,4,,0,10,,4023,19,4,,0,10,,1070,19,4,,0,10,,1217,19,4,,0,10,,4021,19,4,,0,50,,2606,19,4,,0,10,,1415,19,4,,0,10,,3207,19,4,,0,10,,3741,19,4,,0,10,,784,19,4,,0,60,,427,19,4,,0,30,,2770,19,4,,0,70,,710,19,4,,0,30,,4036,19,4,,0,70,,3667,19,4,,0,30,,1162,19,4,,0,70,,4027,19,4,,0,30,,4010,19,4,,0,70,,4024,19,4,,0
101,'1',740,,4047,1,0,39 1 9,0,70,,4042,1,0,39 1 9,0,30,,4051,1,0,39 1 9,0,70,,4054,1,0,39 1 9,0,30,,4059,1,0,39 1 9,0,70,,4055,1,0,39 1 9,0,30,,1377,1,0,39 1 9,0,70,,4049,1,0,39 1 9,0,30,,4050,1,0,39 1 9,0,70,,4057,1,0,39 1 9,0,30,,3642,1,0,39 1 9,0,70,,2652,1,0,39 1 9,0,30,,4060,1,0,39 1 9,0,70,,4046,1,0,39 1 9,0,30,,3485,1,0,39 1 9,0,70,,3286,1,0,39 1 9,0,30,,4056,1,0,39 1 9,0,70,,4045,1,0,39 1 9,0,30,,4052,1,0,39 1 9,0,70,,4053,1,0,39 1 9,0,30,,4041,1,0,39 1 9,0,70,,4043,1,0,39 1 9,0,30,,4058,1,0,39 1 9,0,70,,4048,1,0,39 1 9,0,30,,4044,1,0,39 1 9,0
101,'2',640,,1401,1,0,39 1 9,0,70,,4078,1,0,39 1 9,0,30,,3921,1,0,39 1 9,0,70,,4069,1,0,39 1 9,0,30,,4068,1,0,39 1 9,0,70,,4083,1,0,39 1 9,0,30,,4081,1,0,39 1 9,0,70,,4070,1,0,39 1 9,0,30,,4076,1,0,39 1 9,0,70,,4077,1,0,39 1 9,0,30,,4075,1,0,39 1 9,0,70,,4072,1,0,39 1 9,0,30,,4074,1,0,39 1 9,0,70,,4082,1,0,39 1 9,0,30,,4064,1,0,39 1 9,0,70,,4066,1,0,39 1 9,0,30,,3546,1,0,39 1 9,0,70,,4086,1,0,39 1 9,0,30,,4079,1,0,39 1 9,0,70,,4085,1,0,39 1 9,0,30,,4067,1,0,39 1 9,0,70,,3707,1,0,39 1 9,0,30,,4080,1,0,39 1 9,0,70,,4065,1,0,39 1 9,0,30,,4084,1,0,39 1 9,0,70,,2542,1,0,39 1 9,0,30,,4073,1,0,39 1 9,0,70,,4063,1,0,39 1 9,0,30,,4061,1,0,39 1 9,0,100,,4071,1,0,39 1 9,0,100,,4062,1,0,39 1 9,0
101,'3',540,,1205,1,0,39 1 9,0,10,,3295,1,0,39 1 9,0,50,,1103,1,0,39 1 9,0,10,,677,1,0,39 1 9,0,10,,4106,1,0,39 1 9,0,10,,1503,1,0,39 1 9,0,10,,4116,1,0,39 1 9,0,10,,4115,1,0,39 1 9,0,50,,4107,1,0,39 1 9,0,10,,4111,1,0,39 1 9,0,10,,3355,1,0,39 1 9,0,10,,252,1,0,39 1 9,0,10,,3782,1,0,39 1 9,0,10,,4101,1,0,39 1 9,0,50,,4090,1,0,39 1 9,0,10,,1357,1,0,39 1 9,0,10,,4114,1,0,39 1 9,0,10,,4097,1,0,39 1 9,0,10,,2598,1,0,39 1 9,0,10,,4119,1,0,39 1 9,0,50,,4118,1,0,39 1 9,0,15,,4117,1,0,39 1 9,0,15,,720,1,0,39 1 9,0,15,,4110,1,0,39 1 9,0,55,,4091,1,0,39 1 9,0,15,,3198,1,0,39 1 9,0,15,,2989,1,0,39 1 9,0,15,,4095,1,0,39 1 9,0,55,,4122,1,0,39 1 9,0,15,,1517,1,0,39 1 9,0,15,,3141,1,0,39 1 9,0,15,,4120,1,0,39 1 9,0,55,,3459,1,0,39 1 9,0,15,,702,1,0,39 1 9,0,15,,2609,1,0,39 1 9,0,15,,2599,1,0,39 1 9,0,55,,1187,1,0,39 1 9,0,15,,2577,1,0,39 1 9,0,15,,4098,1,0,39 1 9,0,15,,4094,1,0,39 1 9,0,55,,2347,1,0,39 1 9,0,15,,4112,1,0,39 1 9,0,15,,126,1,0,39 1 9,0,15,,1629,1,0,39 1 9,0,55,,3431,1,0,39 1 9,0,10,,4088,1,0,39 1 9,0,10,,4103,1,0,39 1 9,0,10,,4113,1,0,39 1 9,0,10,,4096,1,0,39 1 9,0,10,,3005,1,0,39 1 9,0,50,,2768,1,0,39 1 9,0,10,,4102,1,0,39 1 9,0,10,,3566,1,0,39 1 9,0,10,,2601,1,0,39 1 9,0,10,,1924,1,0,39 1 9,0,10,,1667,1,0,39 1 9,0,50,,1525,1,0,39 1 9,0,10,,3262,1,0,39 1 9,0,10,,2084,1,0,39 1 9,0,10,,4108,1,0,39 1 9,0,10,,4104,1,0,39 1 9,0,10,,993,1,0,39 1 9,0,50,,4121,1,0,39 1 9,0,10,,4123,1,0,39 1 9,0,10,,4093,1,0,39 1 9,0,10,,543,1,0,39 1 9,0,10,,4105,1,0,39 1 9,0,10,,4100,1,0,39 1 9,0,60,,2972,1,0,39 1 9,0,30,,2835,1,0,39 1 9,0,70,,4087,1,0,39 1 9,0,30,,4092,1,0,39 1 9,0,70,,4089,1,0,39 1 9,0,30,,773,1,0,39 1 9,0,70,,4109,1,0,39 1 9,0,30,,4099,1,0,39 1 9,0,70,,3497,1,0,39 1 9,0,30,,3256,1,0,11 12,0
400,'1',840,,4230,25,0,53 45 20,0,100,,4235,25,0,53 45 20,0,100,,4229,25,0,53 45 20,0,100,,4228,25,0,53 45 20,0,100,,4233,25,0,53 45 20,0,100,,4231,25,0,53 45 20,0,100,,2758,25,0,53 45 20,0,100,,4232,25,0,53 45 20,0,100,,4226,25,0,53 45 20,0,100,,4234,25,0,53 45 20,0,100,,4236,25,0,53 45 20,0,100,,4227,25,0,53 45 20,0
400,'2',740,,4243,25,0,53 45 20,0,100,,4241,25,0,53 45 20,0,100,,3041,25,0,53 45 20,0,100,,3608,25,0,53 45 20,0,100,,3607,25,0,53 45 20,0,100,,4245,25,0,53 45 20,0,100,,3634,25,0,53 45 20,0,100,,4246,25,0,53 45 20,0,100,,2917,25,0,53 45 20,0,100,,3150,25,0,53 45 20,0,100,,4242,25,0,53 45 20,0,100,,4240,25,0,53 45 20,0,100,,4247,25,0,53 45 20,0,100,,4238,25,0,53 45 20,0,100,,4244,25,0,53 45 20,0,100,,4237,25,0,53 45 20,0,100,,4239,25,4,,0
400,'3',643,,4249,25,0,53 45 20,0,74,,4259,25,0,53 45 20,0,27,,4250,25,0,53 45 20,0,59,,2449,25,0,53 45 20,0,31,,1055,25,0,53 45 20,0,20,,4248,25,0,53 45 20,0,64,,2358,25,0,53 45 20,0,26,,1903,25,0,53 45 20,0,65,,937,25,0,53 45 20,0,44,,4253,25,0,53 45 20,0,67,,4257,25,0,53 45 20,0,25,,196,25,0,53 45 20,0,81,,2517,25,0,53 45 20,0,30,,1743,25,0,53 45 20,0,65,,2267,25,0,53 45 20,0,81,,2495,25,0,53 45 20,0,30,,4251,25,0,53 45 20,0,25,,713,25,0,53 45 20,0,85,,4258,25,0,53 45 20,0,75,,4256,25,0,53 45 20,0,23,,3622,25,0,53 45 20,0,73,,4254,25,0,53 45 20,0,20,,3354,25,0,53 45 20,0,75,,1186,25,0,53 45 20,0,21,,4252,25,0,53 45 20,0,77,,132,25,0,53 45 20,0,19,,130,25,0,53 45 20,0,26,,1145,25,0,53 45 20,0,64,,344,25,0,53 45 20,0,28,,778,25,0,53 45 20,0,103,,3657,25,0,53 45 20,0,81,,4260,25,0,53 45 20,0,99,,4255,25,0,53 45 20,0,75,,3466,25,0,53 45 20,0
401,'1',753,,4271,1,0,52 19 20,0,100,,2827,22,0,52 19 20,0,100,,4266,22,0,52 19 20,0,100,,4270,22,0,52 19 20,0,100,,4262,22,0,52 19 20,0,100,,4263,22,0,52 19 20,0,100,,4268,22,0,52 19 20,0,100,,4267,22,0,52 19 20,0,100,,4264,22,0,52 19 20,0,100,,1812,22,0,52 19 20,0,100,,4261,22,0,52 19 20,0,100,,4269,22,0,52 19 20,0,98,,4265,22,4,,0
401,'2',753,,4272,22,0,52 19 20,0,100,,4278,22,0,52 19 20,0,100,,4281,22,0,52 19 20,0,100,,4276,22,0,52 19 20,0,100,,4275,22,0,52 19 20,0,100,,4277,22,0,52 19 20,0,100,,3152,22,0,52 19 20,0,100,,2919,22,0,52 19 20,0,100,,4274,22,0,52 19 20,0,100,,2820,22,0,52 19 20,0,100,,4273,22,0,52 19 20,0,100,,3936,22,0,52 19 20,0,100,,4280,22,0,52 19 20,0,100,,4279,22,0,52 19 20,0,100,,3324,22,0,52 19 20,0,100,,854,22,0,52 19 20,0
401,'3',625,,2971,22,0,52 19 20,0,25,,1261,22,0,52 19 20,0,62,,4282,22,0,52 19 20,0,24,,2717,22,0,52 19 20,0,64,,4285,22,0,52 19 20,0,25,,1322,22,0,52 19 20,0,25,,3596,22,0,52 19 20,0,65,,3147,22,0,52 19 20,0,44,,1981,22,0,52 19 20,0,67,,2801,22,0,52 19 20,0,25,,1616,22,0,52 19 20,0,81,,4292,22,0,52 19 20,0,70,,4291,22,0,52 19 20,0,25,,222,22,0,52 19 20,0,81,,3825,22,0,52 19 20,0,30,,4287,22,0,52 19 20,0,65,,1122,22,0,52 19 20,0,41,,4286,22,0,52 19 20,0,73,,4290,22,0,52 19 20,0,23,,463,22,0,52 19 20,0,73,,4288,22,0,52 19 20,0,18,,1908,22,0,52 19 20,0,74,,4289,22,0,52 19 20,0,24,,2729,22,0,52 19 20,0,76,,4294,22,0,52 19 20,0,20,,3819,22,0,52 19 20,0,30,,3740,22,0,52 19 20,0,64,,1964,22,0,52 19 20,0,30,,84,22,0,52 19 20,0,103,,4284,22,0,52 19 20,0,81,,4293,22,0,52 19 20,0,99,,1359,22,0,52 19 20,0,75,,1624,22,0,52 19 20,0,35,,4283,22,0,52 19 20,0
1000,'3',736,,2872,21,4,,0,70,,4649,21,4,,0,30,,3751,21,4,,0,70,,4647,21,4,,0,30,,3840,21,4,,0,70,,4651,21,4,,0,30,,2528,21,4,,0,472,,968,31,4,,0,30,,1775,31,4,,0,70,,703,31,4,,0,30,,2527,31,4,,0,70,,3455,31,4,,0,30,,4650,31,4,,0,70,,4648,31,4,,0
1001,'3',640,,4652,1,,,0,70,,4659,1,,,0,30,,3181,1,,,0,70,,4657,1,,,0,30,,4653,1,,,0,70,,1846,1,,,0,30,,1927,1,,,0,475,,4654,1,,,0,30,,2075,1,,,0,70,,1928,1,,,0,30,,4658,1,,,0,70,,743,1,,,0,30,,4656,1,,,0,70,,4655,1,,,0
1100,'3',654,,4667,37,4,,0,100,,328,37,4,,0,100,,4662,37,4,,0,100,,4661,37,4,,0,100,,4660,37,4,,0,100,,4663,37,4,,0,100,,90,37,4,,0,100,,3187,37,4,,0,100,,1982,37,4,,0,100,,2985,37,4,,0,104,,4664,37,4,,0,151,,2673,37,4,,0,100,,4665,37,4,,0,100,,2170,37,4,,0,100,,4666,37,4,,0,100,,2765,37,4,,0
1101,'3',555,,4671,1,,,0,100,,4674,1,,,0,90,,4673,1,,,0,110,,1286,1,,,0,100,,1988,1,,,0,100,,911,1,,,0,100,,4670,1,,,0,100,,1166,1,,,0,100,,4675,1,,,0,100,,4677,1,,,0,100,,4669,1,,,0,155,,4668,1,,,0,100,,3526,1,,,0,100,,4672,1,,,0,100,,1501,1,,,0,100,,4676,1,,,0
1300,'1',808,,4696,14,4,,0,100,,4692,41,4,,0,100,,4698,41,4,,0,100,,4689,41,4,,0,100,,4693,41,4,,0,100,,4691,41,4,,0,100,,4695,41,4,,0,100,,4686,41,4,,0,100,,4697,41,4,,0,100,,4694,41,4,,0,100,,4690,41,4,,0,100,,4688,41,4,,0,100,,4687,41,4,,0
1300,'2',708,,4706,14,4,,0,100,,4700,41,4,,0,100,,4704,41,4,,0,100,,3235,41,4,,0,100,,4703,41,4,,0,100,,4699,41,4,,0,100,,4705,41,4,,0,100,,3930,41,4,,0,100,,3233,41,4,,0,100,,4701,41,4,,0,100,,4702,41,4,,0,100,,2741,41,4,,0,100,,3578,41,4,,0,100,,186,41,4,,0,100,,2534,41,4,,0,100,,4707,41,4,,0
1300,'3',635,,1915,32,4,,0,66,,3348,41,4,,0,23,,4712,41,4,,0,79,,4725,41,4,,0,30,,402,41,4,,0,25,,4722,41,4,,0,70,,4710,41,4,,0,21,,4711,41,4,,0,70,,262,41,4,,0,30,,4718,41,4,,0,65,,432,41,4,,0,25,,4708,41,4,,0,65,,4714,41,4,,0,25,,4720,41,4,,0,25,,1409,41,4,,0,65,,3263,41,4,,0,25,,108,41,4,,0,65,,4721,41,4,,0,25,,3179,41,4,,0,25,,2724,41,4,,0,79,,4715,41,4,,0,65,,4723,41,4,,0,30,,2987,41,4,,0,70,,4719,41,4,,0,15,,2774,41,4,,0,25,,3463,41,4,,0,70,,4717,41,4,,0,30,,4726,41,4,,0,68,,1173,41,4,,0,32,,3467,41,4,,0,15,,62,41,4,,0,66,,1356,41,4,,0,26,,4709,41,4,,0,66,,748,41,4,,0,26,,722,41,4,,0,66,,2032,41,4,,0,26,,312,41,4,,0,66,,4716,41,4,,0,26,,4713,41,4,,0,26,,1565,41,4,,0,66,,4724,41,4,,0
1301,'1',840,,4734,1,,,0,100,,4733,1,,,0,100,,4732,1,,,0,100,,4735,1,,,0,100,,4737,1,,,0,100,,4730,1,,,0,100,,4729,1,,,0,100,,4728,1,,,0,100,,4736,1,,,0,100,,4731,1,,,0,100,,4738,1,,,0
1301,'2',740,,4739,1,,,0,100,,4749,1,,,0,100,,4748,1,,,0,100,,3602,1,,,0,100,,4745,1,,,0,100,,4740,1,,,0,100,,3362,1,,,0,100,,4744,1,,,0,100,,4747,1,,,0,100,,4743,1,,,0,100,,3049,1,,,0,100,,4742,1,,,0,100,,3515,1,,,0,100,,4741,1,,,0,100,,4746,1,,,0
1301,'3',600,,4755,1,,,0,35,,4761,1,,,0,70,,1577,1,,,0,25,,4757,1,,,0,70,,4764,1,,,0,35,,4758,1,,,0,70,,4754,1,,,0,30,,2203,1,,,0,65,,3694,1,,,0,25,,4753,1,,,0,25,,531,1,,,0,65,,4763,1,,,0,25,,2665,1,,,0,65,,4756,1,,,0,25,,3344,1,,,0,25,,788,1,,,0,65,,2876,1,,,0,25,,4760,1,,,0,65,,2988,1,,,0,25,,772,1,,,0,70,,4752,1,,,0,30,,4750,1,,,0,15,,2361,1,,,0,65,,4751,1,,,0,30,,3619,1,,,0,70,,1170,1,,,0,30,,1865,1,,,0,70,,3817,1,,,0,30,,430,1,,,0,66,,3697,1,,,0,26,,2775,1,,,0,66,,4762,1,,,0,26,,2867,1,,,0,26,,2713,1,,,0,66,,4759,1,,,0,26,,974,1,,,0,66,,3257,1,,,0,26,,2341,1,,,0,66,,2841,1,,,0
1400,'1',840,,3341,1,,,0,100,,2642,1,,,0,100,,4769,1,,,0,100,,4766,1,,,0,100,,4773,1,,,0,100,,4765,1,,,0,100,,3288,1,,,0,100,,1756,1,,,0,100,,4772,1,,,0,100,,4768,1,,,0,100,,4770,1,,,0
1400,'2',740,,4784,1,,,0,100,,4783,1,,,0,100,,4798,1,,,0,100,,4788,1,,,0,100,,4791,1,,,0,100,,4790,1,,,0,100,,4799,1,,,0,100,,4781,1,,,0,100,,4796,1,,,0,100,,4786,1,,,0,100,,3922,1,,,0,100,,2895,1,,,0,100,,4785,1,,,0
1400,'3',625,,1421,1,,,0,30,,2363,1,,,0,70,,2173,1,,,0,30,,3910,1,,,0,70,,4808,1,,,0,85,,2498,1,,,0,100,,2579,1,,,0,100,,1105,1,,,0,100,,116,1,,,0,100,,1289,1,,,0,100,,4812,1,,,0,100,,4802,1,,,0,106,,4813,1,,,0,30,,1213,1,,,0,70,,2106,1,,,0,30,,4809,1,,,0,70,,4801,1,,,0,24,,3780,1,,,0,100,,4804,1,,,0
1401,'1',838,,4825,30,4,,0,100,,4826,30,4,,0,100,,2828,30,4,,0,100,,4816,30,4,,0,100,,4820,30,4,,0,100,,4818,30,4,,0,100,,4827,30,4,,0,100,,4821,30,4,,0,100,,4814,30,4,,0,100,,3379,30,4,,0,100,,4822,30,4,,0,100,,2757,30,4,,0
1401,'2',738,,190,30,4,,0,100,,4838,30,4,,0,100,,4831,30,4,,0,100,,4842,30,4,,0,100,,3045,30,4,,0,100,,3633,30,4,,0,100,,2638,30,4,,0,100,,2924,30,4,,0,100,,48,30,4,,0,100,,4841,30,4,,0,100,,4840,30,4,,0,100,,4837,30,4,,0,100,,4845,30,4,,0,100,,4833,30,4,,0
1401,'3',643,,4864,30,4,,0,73,,4847,30,4,,0,30,,3779,30,4,,0,70,,4849,30,4,,0,30,,782,30,4,,0,70,,3541,30,4,,0,30,,4848,30,4,,0,91,,4851,30,4,,0,100,,4853,30,4,,0,100,,3407,30,4,,0,100,,4860,30,4,,0,100,,3261,30,4,,0,100,,4857,30,4,,0,112,,4863,30,4,,0,100,,1535,30,4,,0,70,,4859,30,4,,0,30,,1811,30,4,,0,70,,4850,30,4,,0,30,,4867,30,4,,0,88,,3462,30,4,,0
1500,'1',840,,4869,1,,,0,100,,4870,1,,,0,100,,4876,1,,,0,100,,3553,1,,,0,100,,4875,1,,,0,100,,4877,1,,,0,100,,4868,1,,,0,100,,4874,1,,,0,100,,4872,1,,,0,100,,4873,1,,,0,100,,3647,1,,,0,100,,4871,1,,,0
1500,'2',740,,4883,1,,,0,100,,4881,1,,,0,100,,4885,1,,,0,100,,3795,1,,,0,100,,2618,1,,,0,100,,4882,1,,,0,100,,1041,1,,,0,100,,4884,1,,,0,100,,4886,1,,,0,100,,1558,1,,,0,100,,4879,1,,,0,100,,4880,1,,,0,100,,4878,1,,,0
1500,'3',610,,3104,1,,,0,35,,1207,1,,,0,75,,998,1,,,0,32,,4893,1,,,0,78,,2871,1,,,0,75,,1184,1,,,0,32,,4892,1,,,0,72,,4889,1,,,0,32,,4894,1,,,0,72,,3653,1,,,0,32,,4887,1,,,0,72,,1124,1,,,0,32,,764,1,,,0,69,,3011,1,,,0,35,,260,1,,,0,66,,4895,1,,,0,38,,1151,1,,,0,73,,4890,1,,,0,75,,4891,1,,,0,35,,2233,1,,,0,75,,1512,1,,,0,85,,4888,1,,,0,30,,1859,1,,,0,75,,2840,1,,,0,105,,2365,1,,,0
1501,'1',838,,3450,40,4,,0,100,,3449,40,4,,0,100,,4901,40,4,,0,100,,3954,40,4,,0,100,,2959,40,4,,0,100,,3279,40,4,,0,100,,4896,40,4,,0,100,,4902,40,4,,0,100,,4899,40,4,,0,100,,4897,40,4,,0,100,,4898,40,4,,0,100,,4900,40,4,,0
1501,'2',738,,4912,40,4,,0,100,,4908,40,4,,0,100,,4914,40,4,,0,100,,4906,40,4,,0,100,,4907,40,4,,0,100,,4903,40,4,,0,100,,4911,40,4,,0,100,,4915,40,4,,0,100,,4910,40,4,,0,100,,4913,40,4,,0,100,,4909,40,4,,0,100,,4904,40,4,,0,100,,4905,40,4,,0,100,,3946,40,4,,0
1501,'3',638,,1854,40,4,,0,77,,966,40,4,,0,35,,2520,40,4,,0,75,,3909,40,4,,0,32,,2453,40,4,,0,78,,4919,40,4,,0,72,,1117,40,4,,0,30,,3598,40,4,,0,72,,3784,40,4,,0,32,,337,40,4,,0,72,,4916,40,4,,0,32,,203,40,4,,0,72,,4920,40,4,,0,32,,2462,40,4,,0,69,,2671,40,4,,0,35,,2581,40,4,,0,72,,4918,40,4,,0,32,,2353,40,4,,0,79,,1959,40,4,,0,75,,2838,40,4,,0,35,,3822,40,4,,0,75,,4917,40,4,,0,85,,2027,40,4,,0,32,,1841,40,4,,0,70,,1340,40,4,,0,102,,1346,40,4,,0
1800,'1',838,,4928,27,4,,0,100,,3645,27,4,,0,100,,2570,27,4,,0,100,,2131,27,4,,0,100,,4929,27,4,,0,100,,4927,27,4,,0,100,,4921,27,4,,0,100,,4926,27,4,,0,100,,4923,27,4,,0,100,,4922,27,4,,0,100,,4925,27,4,,0,100,,4924,27,4,,0
1800,'2',738,,4930,27,4,,0,100,,4931,27,4,,0,100,,2897,27,4,,0,100,,4937,27,4,,0,100,,872,27,4,,0,100,,4936,27,4,,0,100,,4932,27,4,,0,100,,3125,27,4,,0,100,,4939,27,4,,0,100,,4934,27,4,,0,100,,4933,27,4,,0,100,,4935,27,4,,0,100,,4938,27,4,,0
1800,'3',638,,4947,27,4,,0,70,,4950,27,4,,0,30,,3343,27,4,,0,70,,4944,27,4,,0,30,,779,27,4,,0,70,,4954,27,4,,0,30,,4942,27,4,,0,70,,228,27,4,,0,30,,2864,27,4,,0,70,,3535,27,4,,0,30,,4955,27,4,,0,70,,4951,27,4,,0,30,,4940,27,4,,0,70,,4945,27,4,,0,30,,3290,27,4,,0,70,,931,27,4,,0,30,,4949,27,4,,0,70,,2207,27,4,,0,30,,3623,27,4,,0,70,,2714,27,4,,0,30,,1426,27,4,,0,70,,4943,27,4,,0,30,,4946,27,4,,0,70,,4948,27,4,,0,30,,2502,27,4,,0,70,,122,27,4,,0,30,,4952,27,4,,0,70,,4953,27,4,,0,30,,4941,27,4,,0,100,,1137,27,4,,0
1801,'1',810,,4960,1,,,0,100,,4957,1,,,0,100,,4956,1,,,0,100,,4958,1,,,0,100,,4961,1,,,0,100,,3138,1,,,0,100,,1759,1,,,0,100,,4963,1,,,0,100,,2656,1,,,0,100,,4962,1,,,0,100,,1467,1,,,0,100,,4959,1,,,0
1801,'2',710,,3715,1,,,0,100,,4969,1,,,0,100,,3443,1,,,0,100,,4972,1,,,0,100,,4965,1,,,0,100,,1713,1,,,0,100,,4964,1,,,0,100,,4967,1,,,0,100,,4968,1,,,0,100,,4970,1,,,0,100,,4966,1,,,0,100,,4971,1,,,0,100,,3763,1,,,0
1801,'3',610,,4981,1,,,0,30,,3848,1,,,0,70,,4973,1,,,0,30,,4985,1,,,0,70,,3008,1,,,0,30,,1665,1,,,0,70,,2503,1,,,0,30,,3346,1,,,0,70,,3264,1,,,0,30,,4986,1,,,0,70,,4978,1,,,0,30,,1050,1,,,0,70,,1283,1,,,0,30,,4983,1,,,0,70,,1800,1,,,0,30,,4984,1,,,0,70,,1630,1,,,0,30,,4979,1,,,0,70,,4977,1,,,0,30,,4974,1,,,0,76,,3729,1,,,0,30,,4980,1,,,0,70,,4976,1,,,0,30,,917,1,,,0,70,,1799,1,,,0,24,,3191,1,,,0,70,,775,1,,,0,100,,4975,1,,,0,100,,4982,1,,,0
1900,'1',840,,4987,1,,,0,100,,4990,1,,,0,100,,4991,1,,,0,100,,4993,1,,,0,100,,4988,1,,,0,100,,2944,1,,,0,100,,4992,1,,,0,100,,3768,1,,,0,100,,4996,1,,,0,100,,4989,1,,,0,100,,4994,1,,,0,100,,4995,1,,,0
1900,'2',740,,1387,1,,,0,100,,5006,1,,,0,100,,1398,1,,,0,100,,5001,1,,,0,100,,4999,1,,,0,100,,5000,1,,,0,100,,5003,1,,,0,100,,4997,1,,,0,100,,5004,1,,,0,100,,1772,1,,,0,100,,3944,1,,,0,100,,4998,1,,,0,100,,5002,1,,,0,100,,5005,1,,,0
1900,'3',603,,5013,1,,,0,32,,3810,1,,,0,68,,5019,1,,,0,30,,5007,1,,,0,71,,5018,1,,,0,29,,2970,1,,,0,67,,5015,1,,,0,30,,5016,1,,,0,24,,2839,1,,,0,67,,5022,1,,,0,29,,526,1,,,0,64,,2265,1,,,0,27,,2487,1,,,0,69,,1850,1,,,0,24,,1048,1,,,0,67,,5020,1,,,0,29,,5011,1,,,0,20,,209,1,,,0,71,,5023,1,,,0,29,,2594,1,,,0,70,,5008,1,,,0,27,,3223,1,,,0,70,,5024,1,,,0,30,,3703,1,,,0,67,,5012,1,,,0,30,,5021,1,,,0,70,,3201,1,,,0,27,,5014,1,,,0,70,,1133,1,,,0,27,,5009,1,,,0,67,,467,1,,,0,30,,3662,1,,,0,90,,5010,1,,,0,30,,5017,1,,,0,90,,2076,1,,,0,70,,3307,1,,,0
1901,'1',835,,5032,43,4,,0,100,,5025,43,4,,0,100,,5031,43,4,,0,100,,5030,43,4,,0,100,,5026,43,4,,0,100,,1547,43,4,,0,100,,2181,43,4,,0,100,,5033,43,4,,0,100,,3591,43,4,,0,100,,5028,43,4,,0,100,,5029,43,4,,0,100,,5027,43,4,,0
1901,'2',735,,5034,43,4,,0,100,,2429,43,4,,0,100,,2743,43,4,,0,100,,5040,43,4,,0,100,,5043,43,4,,0,100,,5036,43,4,,0,100,,5039,43,4,,0,100,,3366,43,4,,0,100,,5038,43,4,,0,100,,3862,43,4,,0,100,,5037,43,4,,0,100,,5041,43,4,,0,100,,5035,43,4,,0,100,,5042,43,4,,0
1901,'3',626,,2996,43,4,,0,14,,1510,43,4,,0,83,,5051,43,4,,0,80,,1617,43,4,,0,23,,5054,43,4,,0,30,,5058,43,4,,0,71,,1623,43,4,,0,24,,3176,43,4,,0,67,,5049,43,4,,0,29,,3855,43,4,,0,64,,5059,43,4,,0,27,,110,43,4,,0,69,,2875,43,4,,0,24,,5050,43,4,,0,27,,5056,43,4,,0,69,,5055,43,4,,0,20,,3850,43,4,,0,71,,5057,43,4,,0,29,,244,43,4,,0,62,,3745,43,4,,0,34,,5048,43,4,,0,71,,1143,43,4,,0,28,,5047,43,4,,0,67,,5061,43,4,,0,30,,5046,43,4,,0,70,,2117,43,4,,0,27,,3106,43,4,,0,70,,5063,43,4,,0,25,,2474,43,4,,0,69,,5060,43,4,,0,28,,395,43,4,,0,27,,5053,43,4,,0,67,,5044,43,4,,0,30,,5052,43,4,,0,90,,5062,43,4,,0,70,,192,43,4,,0,90,,5045,43,4,,0
2000,'1',840,,3648,1,,,0,100,,3807,1,,,0,100,,5067,1,,,0,100,,5065,1,,,0,100,,5069,1,,,0,100,,5064,1,,,0,100,,5066,1,,,0,100,,5068,1,,,0,100,,5073,1,,,0,100,,5071,1,,,0,100,,5070,1,,,0,100,,5072,1,,,0
2000,'2',740,,3042,1,,,0,100,,5074,1,,,0,100,,5078,1,,,0,100,,5076,1,,,0,100,,5079,1,,,0,100,,2702,1,,,0,100,,3032,1,,,0,100,,2555,1,,,0,100,,5082,1,,,0,100,,5081,1,,,0,100,,5075,1,,,0,100,,5080,1,,,0,100,,5077,1,,,0
2000,'3',610,,5088,1,,,0,35,,5091,1,,,0,75,,3139,1,,,0,35,,5094,1,,,0,75,,338,1,,,0,75,,5083,1,,,0,35,,5089,1,,,0,70,,5095,1,,,0,30,,3009,1,,,0,70,,5093,1,,,0,30,,2780,1,,,0,70,,3565,1,,,0,30,,3911,1,,,0,70,,117,1,,,0,30,,5090,1,,,0,70,,3531,1,,,0,30,,5092,1,,,0,76,,1868,1,,,0,87,,3665,1,,,0,34,,5084,1,,,0,76,,3650,1,,,0,42,,3464,1,,,0,71,,790,1,,,0,84,,2264,1,,,0,30,,5086,1,,,0,102,,5085,1,,,0,68,,5087,1,,,0,30,,2855,1,,,0,100,,3465,1,,,0
2001,'1',838,,5096,29,4,,0,100,,1360,29,4,,0,100,,5100,29,4,,0,100,,5102,29,4,,0,100,,3618,29,4,,0,100,,5101,29,4,,0,100,,5099,29,4,,0,100,,3069,29,4,,0,100,,5103,29,4,,0,100,,5097,29,4,,0,100,,2948,29,4,,0,100,,5098,29,4,,0
2001,'2',738,,5113,29,4,,0,100,,5112,29,4,,0,100,,1707,29,4,,0,100,,5110,29,4,,0,100,,3508,29,4,,0,100,,5109,29,4,,0,100,,5108,29,4,,0,100,,5114,29,4,,0,100,,5111,29,4,,0,100,,5104,29,4,,0,100,,3926,29,4,,0,100,,5107,29,4,,0,100,,5105,29,4,,0,100,,1601,29,4,,0,100,,5106,29,4,,0
2001,'3',641,,1278,29,4,,0,69,,3658,29,4,,0,41,,756,29,4,,0,74,,2992,29,4,,0,75,,3749,29,4,,0,35,,2658,29,4,,0,75,,2111,29,4,,0,22,,2716,29,4,,0,73,,5119,29,4,,0,30,,3350,29,4,,0,70,,319,29,4,,0,30,,5117,29,4,,0,70,,2979,29,4,,0,30,,5121,29,4,,0,70,,5122,29,4,,0,30,,5116,29,4,,0,70,,2967,29,4,,0,30,,5120,29,4,,0,94,,3600,29,4,,0,83,,3750,29,4,,0,34,,1522,29,4,,0,76,,5124,29,4,,0,82,,102,29,4,,0,34,,1638,29,4,,0,84,,997,29,4,,0,18,,2580,29,4,,0,95,,5123,29,4,,0,70,,5115,29,4,,0,30,,5118,29,4,,0,100,,3115,29,4,,0
2600,'3',1808,,5125,14,4,,0
2601,'3',1746,,3114,1,,,0
2800,'1',808,,5126,37,4,,0,100,,5127,40,4,,0,100,,5131,40,4,,0,100,,5129,40,4,,0,100,,5134,40,4,,0,100,,5136,40,4,,0,100,,3896,40,4,,0,100,,5128,40,4,,0,100,,5135,40,4,,0,100,,5132,40,4,,0,100,,3691,40,4,,0,100,,5133,40,4,,0,100,,5130,40,4,,0
2800,'2',708,,5145,37,4,,0,100,,5143,40,4,,0,100,,5142,40,4,,0,100,,5144,40,4,,0,100,,3126,40,4,,0,100,,3276,40,4,,0,100,,5139,40,4,,0,100,,5140,40,4,,0,100,,2881,40,4,,0,100,,5141,40,4,,0,100,,5137,40,4,,0,100,,5138,40,4,,0,100,,5146,40,4,,0,100,,2817,40,4,,0
2800,'3',638,,493,40,4,,0,70,,3777,40,4,,0,30,,2020,40,4,,0,70,,2120,40,4,,0,30,,3841,40,4,,0,70,,5157,40,4,,0,30,,5151,40,4,,0,70,,5156,40,4,,0,30,,5150,40,4,,0,70,,2514,40,4,,0,30,,5152,40,4,,0,70,,1285,40,4,,0,30,,2602,40,4,,0,70,,5149,40,4,,0,30,,1586,40,4,,0,70,,5148,40,4,,0,30,,3199,40,4,,0,70,,1748,40,4,,0,30,,5153,40,4,,0,70,,5154,40,4,,0,30,,1434,40,4,,0,70,,1731,40,4,,0,30,,5147,40,4,,0,70,,1524,40,4,,0,30,,258,40,4,,0,70,,2448,40,4,,0,30,,3145,40,4,,0,70,,3265,40,4,,0,100,,3402,40,4,,0,131,,5155,40,4,,0
2801,'1',840,,3335,1,,,0,100,,5164,1,,,0,100,,5160,1,,,0,100,,5162,1,,,0,100,,5158,1,,,0,100,,5163,1,,,0,100,,5161,1,,,0,100,,1466,1,,,0,100,,5159,1,,,0,100,,5165,1,,,0,100,,2572,1,,,0,100,,5167,1,,,0
2801,'2',640,,5172,1,,,0,100,,5175,1,,,0,100,,5176,1,,,0,100,,5178,1,,,0,100,,2698,1,,,0,100,,5173,1,,,0,100,,5170,1,,,0,100,,5168,1,,,0,100,,5169,1,,,0,100,,5171,1,,,0,100,,3874,1,,,0,100,,5174,1,,,0,100,,1474,1,,,0,100,,5177,1,,,0
2801,'3',610,,5181,1,,,0,30,,3193,1,,,0,70,,5180,1,,,0,30,,5187,1,,,0,70,,5182,1,,,0,30,,988,1,,,0,70,,5186,1,,,0,30,,3920,1,,,0,70,,1342,1,,,0,30,,1116,1,,,0,70,,981,1,,,0,30,,3900,1,,,0,70,,3140,1,,,0,30,,5179,1,,,0,70,,2719,1,,,0,30,,5192,1,,,0,70,,1418,1,,,0,30,,1838,1,,,0,70,,5183,1,,,0,30,,5191,1,,,0,76,,419,1,,,0,30,,5185,1,,,0,70,,5188,1,,,0,30,,1330,1,,,0,70,,3733,1,,,0,24,,5184,1,,,0,70,,3836,1,,,0,30,,2376,1,,,0,100,,5189,1,,,0,100,,5190,1,,,0
12000,'3',726,,5269,24,4,,0,30,,1328,24,4,,0,70,,1917,24,4,,0,30,,5264,24,4,,0,70,,1929,24,4,,0,30,,5267,24,4,,0,100,,5265,24,4,,0,500,,5268,24,4,,0,70,,2718,24,4,,0,25,,1358,24,4,,0,70,,5266,24,4,,0,35,,542,24,4,,0,65,,3812,24,4,,0,35,,936,24,4,,0
12001,'3',635,,5272,1,0,37 1 38,0,70,,5273,1,0,37 1 38,0,30,,5270,1,0,37 1 38,0,70,,1444,1,0,37 1 38,0,30,,106,1,0,37 1 38,0,70,,682,1,0,37 1 38,0,100,,5274,1,0,37 1 38,0,500,,1273,1,0,37 1 38,0,30,,2080,1,0,37 1 38,0,65,,3811,1,0,37 1 38,0,26,,5271,1,0,37 1 38,0,79,,5277,1,0,37 1 38,0,25,,5276,1,0,37 1 38,0,75,,5275,1,0,37 1 38,0
19000,'3',1727,,5279,1,0,27 28 29,0,30,,5278,1,0,27 28 29,0,70,,5280,1,0,27 28 29,0
19001,'3',654,,5282,32,4,,0,70,,2803,32,4,,0,30,,5281,32,4,,0
1001400,'1',810,,5293,1,0,23 24 20,0,100,,5296,1,0,23 24 20,0,100,,5288,1,0,23 24 20,0,100,,5286,1,0,23 24 20,0,100,,3893,1,0,23 24 20,0,100,,5285,1,0,23 24 20,0,100,,5287,1,0,23 24 20,0,100,,5298,1,0,23 24 20,0,100,,1370,1,0,23 24 20,0,100,,5292,1,0,23 24 20,0,100,,5291,1,0,23 24 20,0,100,,3894,1,0,23 24 20,0
1001400,'2',710,,5324,1,0,23 24 20,0,100,,2616,1,0,23 24 20,0,100,,524,1,0,23 24 20,0,100,,3511,1,0,23 24 20,0,100,,2783,1,0,23 24 20,0,100,,5321,1,0,23 24 20,0,100,,5318,1,0,23 24 20,0,100,,2819,1,0,23 24 20,0,100,,5320,1,0,23 24 20,0,100,,5311,1,0,23 24 20,0,100,,3415,1,0,23 24 20,0,100,,5309,1,0,23 24 20,0,100,,5316,1,0,23 24 20,0,100,,5305,1,0,23 24 20,0,100,,5323,1,0,23 24 20,0,100,,5315,1,0,23 24 20,0,130,,5322,1,0,25 3 26,0
1001400,'3',605,,2374,1,0,23 24 20,0,35,,254,1,0,23 24 20,0,70,,5327,1,0,23 24 20,0,30,,5338,1,0,23 24 20,0,70,,3174,1,0,23 24 20,0,30,,693,1,0,23 24 20,0,100,,5342,1,0,23 24 20,0,100,,5336,1,0,23 24 20,0,100,,5326,1,0,23 24 20,0,100,,5341,1,0,23 24 20,0,100,,5345,1,0,23 24 20,0,100,,5346,1,0,23 24 20,0,100,,2243,1,0,23 24 20,0,91,,5334,1,0,23 24 20,0,70,,2505,1,0,23 24 20,0,30,,5340,1,0,23 24 20,0,70,,2162,1,0,23 24 20,0,30,,5325,1,0,23 24 20,0,79,,3654,1,0,23 24 20,0,100,,1905,1,0,23 24 20,0,100,,2999,1,0,23 24 20,0,100,,747,1,0,23 24 20,0,130,,3823,1,0,25 3 26,0
1001401,'1',808,,3086,15,4,,0,100,,3339,30,4,,0,100,,792,30,4,,0,100,,3947,30,4,,0,100,,5362,30,4,,0,100,,5355,30,4,,0,100,,5361,30,4,,0,100,,5348,30,4,,0,100,,5351,30,4,,0,100,,5349,30,4,,0,100,,3948,30,4,,0,100,,5360,30,4,,0,100,,5358,30,4,,0
1001401,'2',708,,5387,15,4,,0,100,,5388,30,4,,0,100,,1833,30,4,,0,100,,2925,30,4,,0,100,,5368,30,4,,0,100,,3473,30,4,,0,100,,5386,30,4,,0,100,,1384,30,4,,0,100,,5384,30,4,,0,100,,5380,30,4,,0,100,,2737,30,4,,0,100,,5383,30,4,,0,100,,5365,30,4,,0,100,,1236,30,4,,0,100,,5382,30,4,,0,100,,5373,30,4,,0,100,,5369,30,4,,0,92,,5375,30,4,,0
1001401,'3',608,,2715,15,4,,0,92,,2986,30,4,,0,33,,5389,30,4,,0,70,,124,30,4,,0,30,,2109,30,4,,0,70,,708,30,4,,0,28,,1420,30,4,,0,74,,5391,30,4,,0,100,,1047,30,4,,0,100,,5407,30,4,,0,100,,5401,30,4,,0,100,,5409,30,4,,0,100,,2102,30,4,,0,113,,2343,30,4,,0,100,,58,30,4,,0,85,,2597,30,4,,0,30,,5394,30,4,,0,70,,5395,30,4,,0,30,,5399,30,4,,0,72,,1962,30,4,,0,100,,5396,30,4,,0,100,,2575,30,4,,0,100,,5405,30,4,,0,99,,5393,30,4,,0
